[NumeroDePontos = 102]
966
963
964
963
960
961
965
964
964
962
962
962
963
967
966
965
964
964
967
968
968
970
968
972
969
968
964
963
968
985
1007
1034
1067
1104
1142
1182
1222
1251
1273
1282
1273
1256
1236
1217
1199
1181
1151
1118
1091
1074
1059
1036
1014
996
983
970
958
950
942
937
935
933
929
925
925
925
930
929
927
926
926
931
932
932
931
931
930
931
933
932
931
932
928
930
933
934
934
932
934
934
935
931
928
931
930
932
935
931
931
931
930
931
