[NumeroDePontos = 96]
955
951
950
950
950
954
958
955
954
955
954
957
958
958
957
955
954
959
963
965
964
962
957
956
960
959
960
971
994
1026
1061
1099
1136
1174
1212
1243
1269
1286
1280
1259
1230
1211
1188
1158
1118
1085
1065
1045
1027
1008
991
976
961
953
945
936
931
927
922
919
920
916
918
916
920
923
923
921
920
920
919
925
930
928
927
924
923
923
926
927
926
925
926
926
924
924
923
922
924
925
925
923
924
919
923
926
