[NumeroDePontos = 102]
996
999
997
991
988
986
983
983
983
980
979
978
981
985
978
977
975
975
978
980
981
978
975
972
972
973
975
973
970
970
968
965
966
963
959
961
960
961
959
957
960
961
963
969
977
986
999
1012
1031
1053
1081
1113
1147
1177
1206
1232
1260
1294
1327
1359
1386
1408
1416
1398
1354
1298
1240
1186
1127
1066
1008
960
932
918
910
905
904
899
901
906
905
908
905
907
909
910
908
907
904
903
903
899
894
891
886
884
885
886
884
881
881
883
