[NumeroDePontos = 104]
947
947
945
943
945
950
949
946
945
946
947
950
952
952
951
951
952
954
956
956
955
954
955
956
955
954
957
970
997
1032
1072
1111
1145
1183
1219
1247
1265
1268
1248
1202
1148
1115
1104
1092
1068
1035
1010
999
990
979
965
957
949
945
938
929
924
921
919
919
919
918
916
917
920
922
927
927
922
920
921
926
929
930
930
927
929
930
932
932
932
929
929
929
934
933
931
929
929
929
934
935
933
932
931
930
934
932
932
932
934
934
935
932
