[NumeroDePontos = 96]
953
951
948
952
951
951
951
954
954
954
956
954
950
950
955
957
960
958
960
958
958
960
962
959
956
954
958
971
997
1031
1065
1106
1151
1195
1228
1255
1266
1259
1240
1218
1202
1186
1164
1132
1099
1074
1056
1046
1029
1008
988
974
966
954
943
934
930
929
925
922
920
918
919
922
924
924
922
922
923
929
930
930
927
926
928
931
932
932
930
923
930
931
934
935
930
926
931
931
930
931
929
926
928
927
930
929
