[NumeroDePontos = 104]
967
964
962
959
958
958
961
964
966
967
963
961
962
965
967
966
967
965
967
968
971
974
976
972
967
961
957
963
974
990
1017
1048
1088
1130
1172
1211
1239
1264
1282
1282
1262
1237
1213
1186
1157
1121
1093
1075
1063
1039
1020
1000
985
970
958
946
938
937
933
931
929
926
928
925
924
923
923
923
926
929
931
931
931
929
929
930
931
928
930
933
934
937
935
936
933
929
928
928
929
932
933
932
931
934
935
933
929
927
930
934
936
935
934
935
