[NumeroDePontos = 113]
958
951
947
943
941
944
947
947
946
944
945
947
948
947
945
945
946
949
949
948
949
945
948
953
953
954
953
950
949
952
952
952
956
964
983
1011
1042
1074
1103
1134
1168
1203
1232
1250
1262
1259
1238
1194
1152
1116
1100
1082
1058
1034
1018
1006
994
979
968
960
955
949
937
928
921
916
916
914
909
907
907
913
916
914
913
912
913
916
917
918
918
917
921
925
925
924
924
922
924
927
928
925
925
920
923
923
929
929
927
925
925
926
928
929
926
924
928
930
931
931
928
926
927
