[NumeroDePontos = 107]
946
942
941
938
937
944
949
946
945
940
943
947
949
951
950
949
949
951
953
954
951
952
950
951
955
953
951
949
953
963
982
1006
1031
1062
1095
1133
1166
1201
1226
1241
1251
1259
1238
1189
1137
1108
1097
1091
1072
1046
1023
1009
997
984
975
965
957
949
942
933
928
923
919
917
916
914
917
916
915
912
910
917
922
921
920
920
919
918
922
924
925
922
922
923
925
923
925
926
927
927
928
927
924
923
922
925
930
930
928
927
926
928
932
929
929
929
932
