[NumeroDePontos = 113]
952
950
950
954
956
956
955
951
949
954
957
957
956
955
956
958
957
956
957
955
955
957
959
960
964
961
958
960
963
966
969
974
989
1014
1049
1088
1129
1166
1201
1230
1247
1254
1244
1213
1158
1117
1097
1091
1084
1066
1036
1011
1002
994
979
968
955
947
944
937
928
924
926
929
930
929
927
927
929
932
936
933
931
928
927
930
931
935
935
937
936
939
942
941
939
934
932
935
939
937
938
938
934
938
939
940
942
938
937
936
941
941
941
939
940
944
945
943
945
942
942
945
946
