[NumeroDePontos = 96]
930
928
929
931
934
932
934
931
929
929
934
933
934
936
938
938
937
937
940
941
939
939
941
941
947
962
985
1020
1057
1089
1122
1156
1187
1210
1228
1233
1219
1180
1124
1080
1064
1058
1047
1023
996
983
978
969
959
945
937
933
927
920
916
910
909
908
910
907
904
899
899
905
908
906
904
903
902
905
909
907
904
904
906
911
911
907
909
909
908
909
913
912
910
909
908
912
914
913
911
909
909
911
914
910
