[NumeroDePontos = 107]
949
949
947
951
952
952
951
950
951
951
953
952
950
951
952
958
960
958
957
953
954
956
961
960
960
960
959
962
966
975
995
1023
1057
1089
1122
1152
1180
1208
1233
1250
1255
1243
1203
1147
1107
1091
1084
1071
1041
1017
1002
997
988
976
965
954
953
950
947
936
929
921
919
920
922
921
918
918
920
923
924
927
925
923
924
925
929
930
926
925
923
926
932
931
930
926
927
928
930
932
931
931
931
931
934
932
930
928
931
933
937
936
932
928
929
932
933
