[NumeroDePontos = 96]
923
923
921
922
923
924
923
926
927
928
925
926
928
930
935
934
934
933
935
935
939
935
934
934
936
938
942
945
956
978
1014
1059
1103
1146
1179
1208
1227
1237
1241
1225
1183
1126
1083
1066
1056
1027
1000
983
972
961
949
936
927
920
915
911
912
914
912
909
905
901
901
901
902
900
900
903
907
902
901
904
905
907
913
912
909
907
905
906
909
912
910
908
908
911
912
911
909
909
910
912
915
913
913
913
