[NumeroDePontos = 91]
989
991
991
990
988
986
988
990
991
990
991
992
994
991
989
992
992
993
993
994
997
995
995
998
997
999
1000
1006
1019
1046
1079
1121
1161
1198
1229
1257
1273
1278
1269
1239
1188
1146
1127
1121
1117
1099
1078
1057
1043
1034
1024
1008
995
985
979
973
966
960
954
955
957
956
954
953
951
955
959
959
960
957
957
959
960
961
958
957
958
960
960
964
965
963
961
964
966
966
964
963
962
965
966
