[NumeroDePontos = 102]
957
958
954
952
955
956
959
962
958
959
958
959
961
962
964
964
962
962
962
968
967
967
968
968
969
972
973
978
983
1002
1034
1073
1112
1154
1195
1226
1250
1264
1264
1246
1219
1197
1180
1169
1153
1130
1094
1060
1040
1032
1019
1002
982
969
963
956
949
940
937
935
935
937
936
931
927
925
932
931
935
932
933
932
935
938
939
935
934
933
937
939
942
939
937
935
934
935
937
938
937
937
938
939
939
938
939
936
934
938
939
940
942
937
