[NumeroDePontos = 104]
946
948
948
948
951
948
951
953
951
950
950
947
949
951
955
952
953
950
954
958
959
957
956
954
955
957
959
966
973
988
1010
1042
1074
1114
1153
1191
1222
1241
1254
1253
1239
1209
1181
1166
1147
1125
1090
1055
1035
1029
1025
1014
998
979
968
960
954
946
937
932
929
931
929
923
923
921
923
923
925
924
923
926
928
931
930
932
929
926
930
934
935
934
932
928
928
935
933
931
927
927
929
932
930
928
929
926
928
929
929
930
928
926
931
932
