[NumeroDePontos = 96]
954
955
955
954
957
961
967
968
965
961
968
974
978
975
970
965
965
972
975
975
976
976
977
983
985
986
985
985
987
988
992
991
991
996
1006
1030
1057
1088
1111
1137
1172
1212
1240
1255
1258
1253
1235
1197
1148
1113
1096
1082
1062
1029
996
974
966
962
952
943
929
919
912
910
914
918
924
926
922
917
915
916
923
924
921
919
919
920
920
922
925
926
929
933
938
938
937
938
941
946
948
946
943
941
941
942
