[NumeroDePontos = 115]
956
957
959
959
955
952
954
957
961
960
960
957
957
960
963
964
961
960
958
961
965
967
967
964
965
970
970
970
967
966
971
978
992
1012
1036
1060
1088
1122
1155
1190
1221
1240
1254
1255
1238
1208
1181
1160
1144
1121
1091
1062
1044
1028
1013
1000
987
978
969
960
954
947
944
942
941
940
937
933
934
935
933
934
935
935
939
939
939
936
937
938
940
939
939
941
944
944
946
947
947
946
946
946
948
946
943
944
946
948
950
947
945
942
943
946
948
948
944
942
945
946
949
950
949
945
946
