[NumeroDePontos = 99]
966
967
964
964
965
968
970
970
966
964
965
970
973
973
973
971
971
972
974
976
976
975
972
975
985
999
1017
1046
1074
1110
1150
1192
1229
1252
1260
1252
1221
1167
1113
1086
1075
1062
1039
1012
993
988
978
971
960
953
947
944
939
937
938
942
943
938
938
940
943
946
944
945
943
947
950
948
947
946
944
948
950
952
952
952
950
949
950
950
948
947
949
950
954
951
951
951
949
951
955
954
953
953
950
955
955
956
955
