[NumeroDePontos = 96]
1055
1058
1056
1055
1049
1041
1029
1017
1006
999
1000
1002
1002
1001
998
999
998
998
1006
1008
1005
999
996
994
994
999
998
999
997
997
1000
1004
1005
1004
1005
999
998
1000
998
1000
1001
1007
1019
1039
1068
1105
1144
1182
1222
1256
1279
1291
1286
1262
1219
1172
1145
1130
1117
1092
1066
1051
1046
1039
1028
1016
1004
998
991
984
978
973
967
971
968
966
965
967
972
974
975
976
976
979
979
978
975
975
977
980
985
985
984
981
979
982
