[NumeroDePontos = 96]
967
964
963
962
963
963
961
962
960
963
966
968
963
963
961
964
968
968
967
966
970
970
975
973
972
971
971
974
980
989
1007
1033
1071
1113
1151
1189
1221
1245
1262
1272
1276
1258
1208
1152
1118
1106
1097
1073
1041
1016
1009
1004
998
983
972
966
956
958
952
941
935
934
935
935
935
931
932
929
930
935
935
937
936
935
932
934
937
938
938
937
938
940
943
944
941
940
936
942
945
941
942
940
941
944
945
947
