[NumeroDePontos = 99]
967
963
964
967
967
967
965
969
971
974
976
974
972
970
975
975
976
975
976
975
975
979
978
975
975
978
990
1005
1027
1061
1099
1139
1184
1224
1256
1276
1281
1267
1222
1167
1126
1111
1104
1088
1062
1038
1025
1021
1015
1002
989
979
972
965
959
952
952
952
954
951
948
951
953
955
956
952
952
956
963
964
966
964
962
957
961
965
966
967
966
963
964
968
970
969
967
967
966
967
968
967
967
964
967
968
968
967
964
960
963
