[NumeroDePontos = 107]
977
974
966
955
952
953
956
954
952
950
952
956
958
957
954
953
955
955
956
956
955
954
955
958
959
961
962
962
964
969
969
970
969
968
972
983
1002
1034
1073
1119
1167
1215
1252
1274
1287
1281
1247
1192
1145
1114
1089
1065
1041
1028
1021
1012
997
982
972
969
968
964
957
956
960
963
962
956
954
948
952
953
956
954
953
950
948
950
951
950
948
944
942
944
945
946
940
940
940
944
944
948
947
948
949
948
946
947
946
945
944
945
940
943
946
944
943
