[NumeroDePontos = 93]
972
975
975
972
972
971
970
972
973
975
975
976
977
976
975
976
975
978
979
979
977
979
981
984
990
1001
1020
1045
1073
1111
1155
1202
1242
1265
1279
1280
1257
1200
1139
1105
1097
1089
1069
1042
1026
1018
1010
1002
989
981
976
968
960
954
949
948
948
944
943
940
941
945
949
950
946
946
947
948
947
946
944
945
951
955
952
951
950
950
952
953
951
950
950
954
956
958
958
956
954
954
952
956
957
