[NumeroDePontos = 93]
962
956
958
957
956
958
957
957
955
957
960
961
962
960
958
958
962
966
967
967
964
962
965
969
970
968
965
972
989
1019
1058
1101
1140
1182
1221
1254
1273
1282
1273
1231
1168
1116
1093
1085
1069
1039
1015
1003
996
986
973
962
956
948
942
932
929
928
929
929
929
926
926
925
930
935
937
936
932
932
937
938
941
937
938
935
939
943
943
941
937
938
940
940
942
942
943
943
944
944
945
943
941
