[NumeroDePontos = 96]
940
944
948
951
950
950
951
954
957
955
955
956
960
962
961
961
957
958
959
959
962
963
967
975
988
1013
1048
1089
1131
1170
1209
1234
1247
1251
1238
1205
1153
1111
1090
1078
1061
1033
1005
990
983
975
961
946
937
936
934
924
919
915
916
917
913
910
905
907
917
919
922
918
915
917
920
923
922
918
917
916
917
915
914
913
914
919
917
919
920
920
920
920
922
922
922
918
916
916
917
916
914
909
911
911
