[NumeroDePontos = 93]
945
944
947
946
949
951
950
950
952
952
956
951
952
950
951
954
955
957
955
953
951
950
952
957
964
976
1000
1031
1070
1110
1150
1187
1217
1240
1250
1252
1234
1198
1146
1106
1091
1081
1068
1042
1015
996
987
983
970
953
946
942
938
935
930
922
920
926
929
930
927
923
922
925
928
926
923
922
926
929
934
930
930
930
931
933
934
933
931
928
928
930
936
936
936
936
935
934
936
936
936
934
933
