[NumeroDePontos = 104]
968
966
962
960
962
965
965
965
963
963
965
968
969
968
966
963
967
969
969
971
973
971
971
972
975
975
972
970
971
978
990
1010
1038
1070
1106
1140
1174
1200
1225
1245
1262
1273
1264
1237
1205
1176
1156
1130
1099
1071
1051
1039
1024
1007
993
980
972
964
958
953
946
942
935
934
934
935
932
933
931
930
935
937
937
938
935
937
937
941
944
943
940
937
939
940
938
937
934
934
937
939
941
939
935
932
933
938
938
938
937
935
936
939
939
936
