[NumeroDePontos = 104]
938
940
937
935
929
930
933
936
939
942
943
946
947
945
943
939
938
942
946
949
946
944
951
958
961
960
960
973
1000
1040
1084
1129
1171
1207
1229
1238
1230
1206
1153
1102
1074
1059
1043
1017
986
967
959
956
952
938
926
918
919
918
919
917
914
915
915
915
914
914
914
916
921
922
924
921
920
920
920
919
918
916
918
921
921
922
921
919
919
921
922
924
926
925
925
927
930
924
920
920
924
929
932
931
932
933
930
928
925
923
928
933
