[NumeroDePontos = 99]
954
943
939
936
935
935
936
936
935
932
930
934
938
938
936
934
935
939
938
939
938
938
937
940
943
945
944
944
942
946
951
953
963
982
1014
1058
1101
1137
1171
1201
1223
1233
1230
1201
1145
1085
1052
1043
1029
1004
977
962
957
948
939
929
923
920
917
913
908
909
907
907
909
912
914
914
915
912
914
915
918
919
918
917
917
919
921
922
921
921
918
921
919
921
924
922
922
922
922
923
923
919
922
921
924
925
924
