[NumeroDePontos = 96]
951
951
954
954
949
947
949
953
954
954
951
950
950
953
956
956
955
955
954
956
960
962
960
964
971
982
1001
1033
1074
1118
1164
1203
1232
1248
1249
1230
1180
1123
1093
1081
1075
1054
1027
1002
997
990
979
965
953
946
940
934
930
923
926
924
923
923
922
922
924
924
929
929
931
929
932
931
931
932
931
931
933
933
935
934
932
931
935
936
938
937
934
934
934
938
940
940
938
935
933
934
939
940
943
938
