[NumeroDePontos = 102]
951
948
945
944
950
951
951
950
948
949
946
949
948
951
949
953
954
958
956
956
957
958
958
959
961
960
961
969
980
998
1024
1059
1098
1144
1184
1220
1240
1251
1255
1250
1219
1168
1118
1092
1077
1059
1033
1009
995
988
980
970
958
954
944
939
932
926
928
931
928
925
921
923
923
923
924
920
921
926
930
934
931
928
928
929
932
936
933
933
931
929
931
933
936
937
936
934
935
938
938
933
934
934
933
937
935
938
937
938
936
937
