[NumeroDePontos = 113]
993
977
965
963
963
963
963
961
958
960
962
960
959
959
957
963
964
963
961
960
960
963
967
970
967
965
965
967
967
969
967
963
967
982
1007
1040
1077
1117
1159
1200
1235
1260
1279
1277
1260
1238
1218
1200
1175
1145
1114
1096
1081
1071
1049
1027
1009
996
985
971
958
950
939
936
933
930
929
928
924
929
930
928
927
926
924
925
927
931
930
933
931
931
935
938
935
933
931
928
928
929
927
927
929
932
930
928
925
932
933
938
938
939
935
935
934
933
938
937
934
930
934
941
948
