[NumeroDePontos = 102]
956
956
954
954
954
955
957
960
963
961
959
957
958
959
959
957
957
960
962
963
963
963
964
961
962
962
962
966
978
999
1031
1066
1100
1134
1168
1200
1230
1252
1265
1273
1255
1225
1194
1171
1149
1122
1091
1069
1055
1041
1023
1001
985
972
966
957
950
942
939
934
933
927
922
921
921
922
924
924
923
921
919
920
923
927
930
931
930
927
929
928
930
930
927
928
932
929
930
928
927
926
927
932
935
934
930
930
929
931
928
928
925
925
