[NumeroDePontos = 96]
958
959
958
958
957
956
955
955
956
958
959
963
966
963
958
957
955
958
964
965
966
964
963
963
963
965
964
968
968
978
994
1021
1059
1099
1139
1182
1219
1248
1263
1265
1260
1238
1189
1123
1076
1059
1053
1043
1021
1003
992
987
977
964
955
955
946
941
936
936
937
937
938
941
942
946
951
951
951
954
954
959
959
960
961
962
967
970
972
971
969
969
969
971
974
977
976
974
971
970
975
975
975
974
972
971
