[NumeroDePontos = 113]
1012
1003
991
979
971
968
965
966
966
965
969
968
970
967
966
969
968
969
968
968
968
970
973
974
974
976
976
979
976
975
969
968
976
994
1020
1049
1085
1117
1159
1200
1234
1256
1268
1264
1234
1201
1174
1157
1141
1122
1090
1057
1037
1023
1010
999
986
971
959
950
939
933
929
928
926
929
930
930
930
933
932
933
930
931
931
935
934
937
937
938
941
943
944
941
938
939
943
946
950
950
945
940
940
945
951
948
943
941
939
942
944
946
944
940
938
940
944
946
945
948
948
948
948
