[NumeroDePontos = 121]
985
992
993
990
983
971
963
960
965
966
960
949
937
928
925
929
933
931
923
923
927
930
932
935
939
945
949
948
950
955
952
950
951
952
956
961
963
963
960
957
958
969
981
999
1028
1066
1106
1146
1185
1216
1242
1259
1260
1228
1167
1107
1080
1076
1074
1054
1026
1004
997
996
991
978
965
963
957
959
954
951
948
946
949
948
950
946
947
949
955
956
960
960
961
963
963
960
956
956
964
970
971
964
958
955
954
959
964
964
965
962
957
952
950
949
953
955
956
964
964
954
943
939
942
950
952
952
942
933
929
