[NumeroDePontos = 99]
963
963
962
964
966
965
964
966
964
966
967
962
962
961
968
969
968
968
965
968
971
973
974
974
971
973
975
975
978
979
986
995
1015
1038
1073
1107
1139
1177
1213
1245
1264
1267
1251
1215
1148
1083
1050
1044
1037
1025
1002
981
972
974
971
964
957
952
949
948
946
943
944
945
946
946
944
945
948
952
950
949
948
950
951
956
957
956
952
949
951
956
956
956
955
956
954
955
956
957
955
958
957
957
961
959
957
956
958
