[NumeroDePontos = 113]
967
961
959
958
960
960
962
962
960
959
961
963
963
962
960
959
962
963
968
967
965
962
967
972
975
973
969
966
964
967
966
971
980
1000
1024
1052
1080
1109
1144
1179
1211
1238
1259
1269
1265
1245
1222
1196
1178
1153
1121
1091
1073
1066
1055
1041
1020
1005
997
988
979
968
956
944
938
936
931
926
926
926
928
929
929
928
927
927
929
930
931
932
930
931
932
932
931
931
930
931
933
934
932
932
930
931
930
935
932
932
929
927
929
934
934
934
933
932
935
934
934
932
932
931
934
