[NumeroDePontos = 118]
946
943
940
943
945
942
943
941
941
944
946
945
943
942
948
947
947
945
944
946
950
952
953
953
951
949
951
953
951
949
946
946
954
971
998
1028
1059
1098
1143
1182
1214
1242
1263
1273
1268
1249
1227
1203
1181
1160
1131
1102
1076
1060
1047
1030
1012
994
977
961
948
931
926
922
920
911
909
903
905
907
910
907
907
907
907
910
912
911
912
912
914
914
915
914
915
914
915
916
918
917
914
912
912
915
918
918
914
913
914
915
917
918
914
912
913
914
916
916
915
913
914
918
916
916
914
914
917
922
