[NumeroDePontos = 118]
967
956
952
954
955
953
950
951
951
955
955
952
952
953
954
957
956
955
953
955
955
959
958
960
958
959
958
960
958
958
958
962
983
1012
1045
1082
1122
1156
1196
1225
1247
1267
1276
1266
1242
1210
1185
1160
1132
1100
1076
1060
1048
1032
1011
992
979
968
958
942
934
928
926
921
920
915
913
912
913
914
917
916
915
914
916
920
922
922
920
921
922
924
924
923
921
921
922
924
923
921
922
921
922
924
926
924
923
920
922
922
924
923
923
921
923
925
926
923
925
923
926
928
928
929
929
929
931
934
