[NumeroDePontos = 115]
957
958
956
952
951
949
950
953
952
954
953
951
957
957
954
954
954
955
956
957
959
960
958
962
962
962
959
957
952
954
960
969
986
1010
1036
1070
1106
1144
1185
1216
1239
1263
1275
1270
1247
1220
1191
1170
1142
1110
1083
1061
1043
1032
1014
1000
983
970
957
947
940
935
928
923
919
917
915
919
918
916
914
917
920
921
922
917
916
918
917
921
921
924
920
922
923
924
925
925
922
923
927
927
923
922
921
923
924
927
927
922
921
922
923
920
922
921
919
921
923
926
926
926
924
924
928
