[NumeroDePontos = 104]
961
959
957
957
953
955
956
957
956
955
954
958
960
962
961
957
958
959
963
962
959
961
963
965
968
963
962
960
957
962
970
987
1012
1044
1082
1129
1171
1209
1242
1266
1273
1266
1245
1221
1194
1174
1147
1121
1096
1075
1061
1043
1024
1006
992
977
964
949
940
935
933
930
923
920
917
919
920
922
920
920
921
922
924
924
924
924
924
926
927
929
928
927
926
927
928
928
929
929
926
927
929
928
926
924
924
923
926
927
926
924
922
926
931
932
