[NumeroDePontos = 110]
956
953
950
951
950
950
949
949
947
951
951
951
950
950
954
955
954
956
953
953
954
959
960
957
956
956
958
959
958
954
954
957
967
987
1012
1044
1080
1120
1160
1197
1228
1252
1266
1272
1261
1238
1213
1191
1166
1145
1116
1089
1069
1054
1038
1021
1004
993
978
962
950
938
935
932
927
925
921
915
918
918
918
918
915
915
917
918
920
919
919
919
921
922
921
922
921
920
920
921
923
920
917
918
922
925
924
923
921
921
922
924
923
924
917
916
920
923
923
924
923
924
