[NumeroDePontos = 93]
957
953
953
955
956
955
955
953
953
952
956
958
958
957
955
959
964
962
963
961
960
963
965
965
962
961
961
960
965
971
987
1016
1049
1092
1132
1172
1210
1241
1265
1281
1278
1256
1225
1198
1175
1153
1125
1098
1076
1063
1049
1032
1013
996
981
967
950
945
940
935
932
927
922
924
924
922
921
919
919
923
924
924
923
925
924
927
929
928
927
927
922
927
929
932
930
929
929
929
934
931
928
927
928
