[NumeroDePontos = 110]
976
975
975
975
974
972
971
973
974
975
974
975
974
976
979
983
984
979
977
976
981
983
983
980
977
972
971
971
976
984
998
1023
1056
1094
1134
1175
1214
1248
1275
1290
1285
1255
1218
1190
1173
1154
1125
1093
1074
1065
1051
1034
1015
999
988
978
967
955
950
945
940
936
936
939
937
938
936
937
936
943
940
938
939
940
940
942
941
942
939
941
939
944
945
943
940
942
945
945
947
945
943
943
944
944
944
941
941
940
943
944
940
942
938
939
943
945
946
944
943
942
