[NumeroDePontos = 102]
982
973
972
968
967
964
967
963
965
965
966
965
966
971
974
969
969
970
968
969
970
971
968
970
970
973
976
973
970
967
965
971
986
1008
1032
1058
1088
1125
1163
1199
1232
1254
1273
1278
1266
1233
1201
1177
1148
1118
1085
1056
1042
1030
1016
1003
986
970
962
953
946
942
937
934
927
921
919
923
925
922
918
918
922
925
924
921
919
916
915
916
920
920
921
921
920
924
928
926
925
922
922
926
930
929
927
927
928
928
930
927
928
929
