[NumeroDePontos = 104]
942
943
944
940
939
939
939
942
942
942
936
938
942
942
944
944
942
944
944
948
951
949
946
947
948
950
947
943
939
944
954
977
1012
1050
1091
1138
1185
1220
1250
1268
1269
1256
1234
1213
1184
1156
1124
1092
1075
1066
1050
1030
1007
989
974
961
946
933
923
918
914
914
911
910
908
910
914
916
917
914
908
911
911
910
909
911
908
909
913
914
914
914
914
914
919
918
916
915
916
916
915
918
916
916
913
916
914
913
912
915
917
921
925
921
