[NumeroDePontos = 124]
995
986
978
973
970
967
969
971
972
972
970
966
968
969
972
973
971
972
974
976
977
972
972
971
972
972
975
976
974
971
967
963
963
965
972
984
1003
1031
1062
1094
1130
1170
1211
1246
1275
1287
1287
1268
1242
1220
1198
1167
1128
1092
1072
1063
1055
1041
1025
1006
995
983
977
965
953
945
942
938
942
939
934
933
935
939
945
948
949
949
947
946
948
952
949
946
945
946
949
945
949
946
947
948
951
951
950
950
953
954
953
951
950
948
950
951
953
954
952
948
949
950
953
952
954
952
952
953
956
959
957
954
952
953
957
964
