[NumeroDePontos = 118]
981
968
960
958
955
954
952
951
950
952
951
951
951
955
958
957
955
952
953
953
957
956
959
958
957
956
961
962
965
963
958
958
960
965
975
990
1013
1044
1079
1110
1144
1181
1213
1238
1256
1275
1281
1269
1241
1212
1191
1167
1138
1103
1073
1054
1044
1031
1012
993
980
966
958
949
938
932
927
924
924
922
921
921
918
917
917
918
918
919
917
919
921
923
922
923
921
918
918
921
924
922
922
923
921
923
924
924
922
923
925
926
925
925
922
921
922
925
926
923
924
923
927
926
926
925
924
928
930
930
