[NumeroDePontos = 107]
964
960
958
960
958
955
955
955
958
955
953
954
959
959
957
956
955
957
957
959
958
961
961
960
965
963
965
963
960
960
969
985
1009
1037
1069
1101
1144
1188
1224
1248
1263
1267
1250
1216
1188
1170
1154
1135
1108
1083
1069
1061
1048
1029
1012
998
987
972
956
947
940
941
937
929
923
920
922
926
929
927
922
917
921
921
923
925
925
926
931
929
930
929
925
923
926
927
927
924
923
922
926
926
929
928
928
928
927
930
933
931
932
930
931
932
933
934
931
