[NumeroDePontos = 96]
965
953
941
938
938
938
941
941
938
936
938
941
942
942
942
939
938
943
945
949
949
946
946
949
955
952
949
942
941
948
959
978
1010
1047
1091
1139
1186
1222
1249
1263
1264
1250
1223
1195
1166
1132
1094
1064
1052
1042
1026
1004
979
964
951
940
928
921
915
913
914
910
910
907
906
904
909
909
907
908
907
910
915
915
914
908
911
915
919
917
915
914
914
915
917
919
916
915
913
913
914
915
914
914
914
913
