[NumeroDePontos = 171]
1047
1055
1060
1058
1056
1060
1070
1075
1073
1067
1062
1064
1069
1073
1074
1068
1054
1042
1039
1035
1030
1026
1019
1012
1011
1008
1005
1001
999
995
996
991
991
984
980
974
975
970
962
952
937
922
913
911
913
923
934
950
964
989
1012
1038
1077
1118
1165
1209
1242
1272
1294
1304
1305
1290
1265
1233
1207
1178
1153
1128
1117
1106
1095
1081
1071
1058
1040
1019
998
984
974
961
950
947
946
942
941
944
946
951
953
959
960
964
964
965
967
969
973
969
960
952
944
940
938
939
936
936
937
935
936
940
946
949
950
949
950
951
951
948
952
955
958
958
958
955
952
958
962
961
957
955
958
964
964
954
945
943
955
974
980
974
959
946
944
953
963
967
965
967
973
981
988
991
994
996
993
990
993
1000
1005
1007
1005
1004
1004
1008
1006
1006
1004
999
1000
1001
998
