[NumeroDePontos = 99]
1015
1009
1000
992
986
983
981
981
975
972
976
978
977
977
977
977
976
977
980
981
982
982
982
985
985
984
985
985
986
986
986
983
979
975
980
990
1007
1027
1052
1082
1121
1161
1204
1237
1261
1279
1294
1297
1283
1254
1226
1196
1162
1132
1109
1098
1078
1058
1036
1018
1003
989
976
960
955
954
948
943
939
935
936
942
938
934
929
928
929
934
936
937
935
931
933
936
937
937
934
931
932
931
932
932
933
929
924
925
926
928
928
