[NumeroDePontos = 113]
956
954
953
951
953
953
953
952
952
956
958
959
956
954
957
958
959
958
956
956
956
961
963
963
961
959
959
960
963
967
979
993
1020
1049
1081
1116
1148
1179
1209
1236
1256
1269
1269
1249
1225
1202
1186
1160
1129
1099
1077
1063
1052
1035
1016
999
989
982
972
958
946
936
934
932
932
927
922
919
918
920
922
926
922
921
921
920
924
925
922
923
925
927
927
927
926
924
926
926
927
927
927
923
925
927
930
928
924
923
923
923
926
926
924
923
924
926
928
926
925
924
926
928
929
