[NumeroDePontos = 93]
954
950
949
949
953
955
956
954
955
954
954
958
960
956
955
954
958
963
962
960
959
960
964
966
962
957
952
949
954
966
984
1013
1046
1085
1129
1172
1206
1233
1254
1263
1260
1244
1223
1202
1182
1167
1144
1119
1096
1072
1056
1036
1016
998
988
974
959
942
935
931
930
928
926
922
924
924
920
916
913
913
918
923
922
922
919
919
921
923
923
923
921
919
922
926
926
924
924
925
923
923
925
921
922
