[NumeroDePontos = 110]
985
973
963
955
951
949
951
946
943
944
946
947
948
947
947
946
950
949
950
950
944
948
949
952
954
950
951
954
957
957
955
949
943
944
950
960
976
994
1022
1056
1099
1139
1178
1210
1233
1253
1271
1271
1250
1226
1198
1173
1144
1113
1085
1065
1054
1045
1028
1013
995
977
963
949
938
929
924
918
915
913
910
912
910
908
903
903
908
911
912
909
909
912
913
913
914
912
911
914
917
918
915
912
913
916
915
917
917
919
918
916
915
914
913
914
911
911
910
914
911
912
