[NumeroDePontos = 118]
992
996
995
985
969
959
948
948
950
948
946
946
947
949
948
948
947
948
949
950
951
951
953
953
955
958
955
956
956
961
964
960
961
957
953
954
959
965
982
1013
1048
1088
1130
1174
1212
1241
1261
1275
1278
1270
1249
1230
1212
1192
1165
1132
1093
1067
1053
1037
1018
1000
983
969
950
939
926
926
926
922
917
917
915
916
912
912
913
913
914
917
918
914
913
917
921
921
923
921
922
924
923
924
921
917
915
918
920
922
921
921
917
916
919
919
920
920
917
914
914
915
917
919
918
916
917
921
922
921
