[NumeroDePontos = 113]
958
949
948
948
950
951
949
944
945
946
948
949
948
947
950
952
956
955
953
953
955
956
958
957
958
958
958
957
954
954
958
967
992
1024
1062
1102
1139
1172
1204
1228
1253
1269
1275
1259
1231
1204
1180
1148
1110
1080
1064
1052
1031
1009
988
972
965
956
946
936
927
920
917
913
914
914
911
910
911
914
916
917
915
915
914
917
917
917
917
917
917
920
922
920
920
919
920
925
926
926
925
924
925
925
926
923
921
921
921
922
924
924
923
917
920
921
923
925
924
923
926
929
933
