[NumeroDePontos = 102]
973
971
962
954
947
946
946
947
943
940
939
941
940
940
938
941
940
939
937
937
941
943
943
941
940
942
940
943
943
942
937
937
939
947
963
987
1014
1052
1092
1129
1171
1213
1238
1255
1263
1260
1243
1217
1192
1173
1145
1110
1076
1056
1048
1043
1024
1001
982
968
958
951
942
935
930
929
927
927
925
923
920
921
926
927
927
924
927
929
933
935
932
934
934
940
940
943
942
944
943
947
947
950
948
947
942
946
945
948
948
945
944
943
