[NumeroDePontos = 115]
978
978
976
974
974
971
975
975
971
973
975
975
978
978
974
974
976
978
980
984
980
975
974
979
982
983
986
980
978
979
981
983
987
1000
1025
1059
1091
1127
1163
1199
1235
1262
1281
1295
1297
1284
1260
1241
1219
1195
1167
1131
1104
1090
1079
1060
1039
1018
1000
989
979
967
958
953
951
948
944
940
940
940
941
940
940
940
940
941
940
943
948
947
945
944
943
943
942
945
946
948
949
949
949
947
947
945
945
950
950
952
951
947
947
947
948
953
957
955
955
955
959
959
955
951
953
957
961
