[NumeroDePontos = 113]
1014
1012
1006
996
985
976
975
971
972
972
971
970
970
972
975
973
970
968
970
973
977
976
972
972
974
980
981
981
982
978
980
978
976
971
969
972
985
1005
1032
1060
1089
1118
1160
1199
1230
1255
1269
1279
1275
1259
1235
1212
1188
1160
1130
1103
1088
1075
1058
1037
1020
1008
999
985
968
954
948
944
942
940
937
934
933
935
935
933
931
929
933
938
941
939
938
937
938
940
940
941
941
938
940
942
941
940
938
933
936
940
941
939
938
935
936
938
938
938
938
934
933
937
938
935
934
