[NumeroDePontos = 113]
1010
1000
988
982
979
979
980
978
975
974
974
979
978
978
977
976
975
977
980
982
981
981
981
984
989
987
986
987
986
989
988
986
987
988
988
998
1018
1045
1080
1117
1158
1200
1238
1266
1287
1296
1287
1266
1242
1219
1198
1182
1156
1126
1099
1081
1068
1050
1029
1014
1001
992
979
966
955
954
951
948
947
944
941
942
940
941
942
943
942
946
946
944
943
940
943
944
949
948
945
944
944
949
951
952
951
946
944
945
946
946
945
943
943
944
945
950
948
944
946
945
944
948
948
946
944
