[NumeroDePontos = 104]
970
973
974
975
973
975
978
978
976
973
971
973
977
979
977
978
977
979
982
983
984
983
981
982
981
979
976
975
978
986
1005
1029
1059
1094
1130
1168
1205
1234
1260
1283
1291
1285
1260
1231
1206
1184
1158
1126
1099
1085
1068
1050
1028
1006
995
984
970
956
947
947
949
947
943
941
936
934
931
935
939
941
939
940
940
941
940
937
938
942
942
945
942
941
942
941
944
944
943
941
937
938
939
941
942
941
939
940
939
942
942
940
935
939
940
943
