[NumeroDePontos = 110]
983
982
981
980
981
977
978
981
984
983
984
981
981
980
981
982
984
984
985
987
988
989
989
984
986
986
987
986
983
984
995
1022
1055
1090
1127
1163
1204
1237
1262
1281
1293
1289
1275
1249
1227
1206
1182
1147
1118
1100
1089
1070
1048
1029
1012
1001
989
979
967
960
959
960
956
950
943
939
943
948
950
948
944
941
943
949
950
949
950
945
944
946
949
949
949
947
948
949
952
952
949
946
947
945
946
946
944
942
944
945
945
946
944
943
942
943
945
946
946
943
946
947
