[NumeroDePontos = 96]
959
963
963
962
959
957
960
961
963
962
961
966
969
970
968
965
963
967
973
974
972
966
960
961
964
970
982
996
1015
1048
1084
1123
1167
1200
1226
1250
1268
1284
1279
1261
1233
1206
1187
1154
1122
1095
1079
1067
1050
1031
1012
998
983
967
954
946
938
935
929
930
928
928
930
925
923
921
923
927
930
927
926
925
930
935
937
937
935
935
936
937
939
936
933
933
932
938
938
938
935
935
936
939
937
935
931
935
