[NumeroDePontos = 99]
961
962
963
961
962
964
964
961
960
964
966
966
967
964
965
967
971
968
965
965
970
973
971
966
962
960
961
968
981
1000
1026
1055
1088
1124
1165
1201
1233
1254
1264
1264
1249
1224
1196
1178
1159
1128
1101
1079
1065
1055
1042
1020
1004
989
976
962
955
947
946
942
938
934
933
934
934
932
930
929
931
934
934
934
935
932
934
935
938
939
937
935
935
939
940
944
942
940
939
940
943
944
943
938
937
937
939
939
938
936
936
