[NumeroDePontos = 93]
962
963
966
965
965
963
967
968
970
966
966
963
968
971
972
970
969
966
969
974
975
974
972
969
967
968
968
968
973
988
1015
1054
1094
1138
1174
1206
1238
1262
1279
1272
1249
1219
1196
1179
1155
1123
1097
1080
1073
1062
1042
1018
997
983
969
957
949
942
937
933
929
930
934
933
927
921
922
926
932
933
931
929
930
932
933
932
928
928
930
933
935
935
936
933
932
931
935
935
933
931
928
930
931
