[NumeroDePontos = 99]
950
951
949
947
949
951
955
952
951
948
947
951
957
958
957
958
954
956
956
957
956
951
951
957
964
981
1005
1039
1073
1109
1145
1176
1205
1227
1246
1257
1256
1236
1210
1185
1162
1137
1110
1080
1061
1045
1023
1006
995
983
974
962
947
937
933
928
925
920
915
913
914
916
917
916
915
917
921
920
921
922
920
920
921
922
922
921
919
922
923
925
923
922
922
922
924
920
921
920
922
923
924
927
923
924
919
922
925
925
924
