[NumeroDePontos = 107]
978
973
970
967
964
967
967
970
966
964
965
967
968
970
969
969
967
966
967
970
970
972
970
971
970
973
974
973
970
971
970
969
970
973
982
1003
1034
1066
1102
1137
1175
1208
1236
1257
1272
1275
1264
1240
1219
1202
1182
1162
1128
1099
1077
1063
1051
1033
1015
997
987
977
960
944
938
937
939
939
937
931
931
932
931
933
933
933
934
933
935
935
933
931
933
934
940
941
939
936
935
937
939
941
940
939
937
936
940
941
941
940
938
936
934
937
937
935
936
