[NumeroDePontos = 102]
948
945
942
942
943
943
944
939
938
940
943
941
945
940
940
941
944
948
948
947
946
947
950
955
952
954
949
944
942
945
950
964
988
1022
1062
1100
1140
1175
1205
1227
1247
1257
1248
1223
1194
1173
1156
1131
1096
1066
1046
1032
1017
997
978
966
954
947
938
930
922
917
910
910
907
910
912
908
906
909
910
914
913
913
911
915
912
913
914
913
913
915
916
916
915
910
907
907
912
915
917
912
907
908
910
913
911
909
905
906
907
907
