[NumeroDePontos = 104]
991
983
975
965
958
953
955
954
954
952
952
951
952
952
951
952
953
954
956
957
956
958
954
954
958
959
962
958
958
959
960
963
957
956
956
963
981
1011
1048
1085
1120
1161
1197
1226
1249
1268
1281
1273
1250
1221
1193
1174
1149
1116
1080
1051
1039
1029
1014
995
981
968
961
952
943
936
935
933
929
929
924
917
917
927
929
934
938
942
944
943
945
947
950
947
946
944
952
958
954
949
952
956
958
956
956
952
957
959
959
956
956
954
957
963
