[NumeroDePontos = 104]
937
936
938
936
938
940
943
941
938
938
942
943
946
947
945
942
944
947
953
954
949
946
946
945
948
951
951
963
985
1017
1058
1099
1136
1169
1200
1227
1250
1270
1278
1266
1246
1220
1197
1172
1141
1103
1075
1058
1046
1021
999
975
961
951
940
929
918
917
916
913
912
908
902
902
900
904
909
908
908
901
905
910
912
912
913
911
913
912
915
915
913
913
913
913
914
915
915
912
912
911
912
914
913
912
913
915
915
914
912
909
910
914
916
918
