[NumeroDePontos = 110]
978
967
961
960
961
959
955
955
955
958
958
957
957
955
955
961
960
956
958
956
961
965
964
962
961
962
968
968
965
963
958
957
963
970
986
1007
1037
1074
1118
1158
1196
1228
1253
1275
1291
1288
1273
1246
1219
1193
1166
1133
1107
1084
1062
1044
1025
1010
995
980
964
950
944
941
940
935
930
927
927
930
930
930
927
924
930
930
934
934
934
936
936
937
935
934
933
933
937
939
939
939
938
937
935
936
936
935
933
932
933
932
931
929
930
930
930
934
936
937
936
935
