[NumeroDePontos = 107]
972
963
956
952
956
958
957
958
954
953
956
957
960
957
957
956
956
961
962
962
961
959
959
963
964
963
959
957
957
965
979
1002
1032
1065
1099
1141
1182
1219
1248
1264
1265
1249
1219
1190
1166
1141
1112
1083
1061
1045
1028
1005
992
982
972
961
951
942
939
941
937
934
930
925
929
933
934
934
930
931
935
938
939
939
936
935
935
936
938
936
935
933
936
936
938
940
940
940
940
942
939
937
936
934
939
941
939
939
937
938
938
939
936
937
938
936
940
