[NumeroDePontos = 110]
965
966
964
964
964
965
968
968
968
968
967
966
969
971
973
972
970
967
968
974
974
974
973
970
967
966
969
971
974
990
1015
1045
1079
1112
1151
1191
1226
1256
1276
1289
1277
1247
1215
1189
1161
1133
1101
1083
1070
1057
1038
1019
1003
992
979
967
958
950
945
941
936
935
937
936
933
929
930
933
937
938
936
934
936
938
940
939
937
936
937
941
941
942
939
938
942
943
944
941
939
937
938
940
939
938
939
936
936
937
941
940
936
935
934
939
940
942
939
940
941
945
