[NumeroDePontos = 121]
960
957
957
955
952
948
950
955
959
956
953
948
947
951
954
954
954
950
952
958
959
957
956
957
959
965
967
964
961
957
958
962
964
971
988
1015
1053
1090
1132
1171
1207
1235
1256
1271
1267
1245
1218
1197
1179
1163
1139
1107
1083
1065
1050
1032
1010
993
981
967
954
948
944
943
939
936
935
934
934
933
930
930
929
934
937
933
932
928
934
937
939
939
937
934
937
938
939
938
935
932
932
936
938
939
935
933
934
933
935
938
936
933
935
937
938
936
935
935
936
938
940
940
938
938
940
944
948
947
945
944
951
