[NumeroDePontos = 104]
956
956
953
951
953
955
956
956
956
956
956
960
960
958
956
961
961
961
960
961
960
963
961
960
956
954
958
973
995
1022
1053
1086
1123
1165
1204
1236
1259
1271
1271
1260
1238
1215
1193
1168
1136
1101
1079
1061
1044
1022
1001
985
972
962
951
942
938
934
931
929
924
918
918
919
924
924
925
922
920
919
924
928
930
927
926
926
926
928
927
927
929
928
930
928
930
930
927
927
930
929
930
930
928
930
932
932
931
929
926
928
931
931
933
931
