[NumeroDePontos = 118]
956
950
952
955
955
953
950
947
949
949
952
955
956
952
952
953
956
957
956
958
961
961
965
961
959
955
958
961
958
956
951
950
957
971
992
1015
1043
1076
1119
1158
1195
1220
1237
1252
1267
1274
1261
1236
1209
1185
1161
1134
1104
1080
1062
1045
1028
1010
994
980
964
949
941
932
933
930
924
916
913
912
916
918
919
916
917
918
919
919
916
913
917
920
924
926
925
924
923
925
926
924
923
921
924
922
926
926
922
921
921
924
929
929
926
921
912
913
923
922
924
919
920
922
924
921
919
921
924
926
