[NumeroDePontos = 102]
953
947
944
947
946
944
940
942
945
947
949
947
949
950
950
953
952
951
949
951
955
960
960
959
956
956
956
955
955
951
946
943
948
964
993
1027
1060
1102
1143
1187
1223
1254
1273
1282
1271
1253
1229
1205
1176
1142
1109
1085
1071
1054
1032
1011
994
980
965
952
940
932
931
928
923
925
920
918
917
916
916
917
918
918
921
919
918
919
918
921
923
922
921
923
923
925
926
927
922
923
916
918
922
925
927
927
925
927
923
926
925
924
