[NumeroDePontos = 110]
1015
1015
1011
1006
998
991
980
973
967
965
960
961
963
961
962
960
960
962
963
963
963
963
965
965
966
965
967
964
966
969
972
973
974
969
965
963
965
965
970
980
997
1029
1064
1100
1145
1184
1221
1250
1267
1268
1249
1219
1192
1175
1158
1132
1103
1080
1068
1060
1045
1025
1005
988
974
963
955
946
937
932
932
931
930
929
927
921
925
927
930
930
926
927
925
929
931
933
930
929
929
930
933
931
933
931
931
932
934
934
933
930
930
929
933
931
930
929
928
928
930
929
