[NumeroDePontos = 115]
973
963
954
953
954
953
951
947
948
953
955
953
951
949
952
956
959
959
955
954
955
958
960
960
961
958
960
960
962
958
956
955
967
994
1025
1060
1093
1131
1168
1204
1231
1251
1264
1263
1249
1217
1189
1164
1142
1109
1078
1055
1042
1023
1003
984
970
959
950
942
942
938
936
932
928
924
925
924
924
924
925
927
927
924
921
922
920
920
927
931
929
928
927
925
920
919
925
929
926
926
926
923
921
923
925
931
934
934
933
929
931
933
934
931
932
933
938
940
939
935
935
940
946
948
947
