[NumeroDePontos = 113]
1018
1012
1004
998
988
980
972
968
971
972
975
976
974
970
967
969
970
974
976
977
975
977
978
974
973
975
979
983
985
986
983
979
974
976
979
987
1002
1030
1064
1105
1150
1193
1230
1261
1283
1294
1291
1267
1248
1228
1205
1179
1148
1118
1095
1079
1060
1042
1023
1011
995
979
964
956
953
948
945
943
938
945
945
944
941
940
943
945
946
947
946
945
943
947
951
950
947
945
945
950
955
952
949
948
948
950
950
953
951
948
946
946
949
948
946
945
944
950
949
950
950
948
949
951
952
