[NumeroDePontos = 118]
1004
994
986
977
972
969
966
964
965
968
967
964
965
964
964
967
968
968
967
967
964
966
968
969
970
970
971
971
975
974
974
974
970
972
972
974
978
988
1010
1041
1075
1110
1149
1188
1221
1251
1273
1282
1274
1251
1224
1203
1185
1160
1126
1094
1071
1060
1049
1031
1010
995
981
974
964
956
949
942
938
937
935
933
928
928
929
932
932
935
932
932
930
934
937
936
937
933
932
933
939
941
942
940
938
938
937
938
938
939
938
939
937
942
942
939
940
938
939
939
938
938
936
937
939
939
940
938
937
941
