[NumeroDePontos = 115]
981
972
969
968
967
964
960
957
958
961
962
964
961
961
962
965
966
967
966
966
965
967
969
970
968
966
968
971
973
974
969
969
967
967
966
972
978
997
1023
1060
1095
1130
1167
1201
1232
1254
1272
1280
1271
1252
1232
1217
1202
1183
1154
1121
1094
1080
1070
1054
1035
1015
1002
990
981
967
954
945
945
944
943
936
929
926
926
931
931
930
932
931
932
933
935
940
938
936
937
938
940
942
941
938
938
939
941
938
940
937
940
937
938
939
937
934
936
939
940
939
935
932
933
936
940
941
938
