[NumeroDePontos = 102]
944
941
940
945
948
948
947
945
944
945
948
948
948
945
944
948
948
954
954
954
951
953
953
955
953
951
947
946
950
956
970
997
1028
1064
1102
1140
1173
1200
1224
1249
1268
1272
1257
1232
1204
1181
1161
1131
1098
1073
1056
1040
1020
1003
985
972
960
951
943
937
931
928
922
916
913
913
911
911
909
909
913
914
914
913
911
914
916
918
914
913
915
915
917
918
921
918
914
916
916
920
922
920
916
917
920
920
918
916
917
916
917
919
