[NumeroDePontos = 93]
956
955
954
953
954
953
952
953
953
950
953
956
961
959
958
956
956
961
961
959
951
948
949
957
975
1000
1026
1057
1091
1127
1166
1203
1232
1254
1272
1277
1263
1234
1205
1178
1148
1113
1087
1069
1055
1035
1012
996
985
976
960
948
936
930
929
924
919
909
906
912
914
916
912
909
916
916
917
914
914
911
914
914
920
922
920
919
918
919
921
921
920
915
916
916
917
919
921
920
919
920
920
920
919
