[NumeroDePontos = 113]
948
950
945
946
945
948
950
952
951
947
945
946
948
954
953
953
951
953
957
960
958
955
954
957
956
956
954
952
958
976
1004
1038
1074
1111
1148
1187
1221
1248
1263
1266
1247
1220
1197
1179
1161
1137
1102
1072
1050
1040
1028
1007
985
971
960
951
942
936
929
926
923
925
922
921
918
917
920
923
920
917
914
914
919
921
921
922
921
923
925
925
925
925
921
924
923
925
925
926
925
926
927
929
928
927
922
924
925
924
925
922
925
922
924
925
927
929
924
922
923
925
925
927
926
