[NumeroDePontos = 91]
944
939
942
942
945
942
940
940
942
943
945
947
944
945
947
949
950
949
949
946
942
943
944
943
951
965
987
1012
1048
1086
1127
1164
1198
1228
1251
1265
1260
1238
1211
1190
1168
1139
1104
1076
1062
1054
1043
1026
1004
988
976
968
957
942
933
924
919
914
912
909
905
903
903
903
905
904
905
906
910
910
912
909
909
905
906
909
909
909
907
908
909
909
910
912
910
909
908
908
908
912
911
