[NumeroDePontos = 99]
945
944
940
937
939
942
944
944
945
944
942
946
946
945
944
943
945
946
947
948
948
947
947
943
944
941
944
958
977
1011
1043
1074
1103
1136
1171
1207
1239
1258
1260
1245
1218
1193
1170
1139
1104
1073
1054
1040
1019
1004
986
971
961
952
941
929
921
916
915
912
910
907
904
904
903
904
906
906
905
906
908
908
910
911
909
906
909
911
914
910
909
908
908
910
913
911
909
908
906
909
911
910
908
906
908
906
909
907
906
