[NumeroDePontos = 110]
1023
1017
1018
1021
1020
1008
991
979
973
974
973
972
969
968
969
973
975
974
972
968
969
971
971
970
969
969
971
973
976
975
977
972
969
969
967
967
965
968
977
1001
1027
1058
1094
1132
1171
1203
1232
1253
1265
1256
1239
1216
1192
1156
1122
1098
1084
1076
1064
1045
1024
1004
986
972
961
952
944
934
930
927
926
925
922
918
914
918
922
925
927
927
924
927
931
929
927
930
930
933
935
939
938
934
933
936
937
936
936
934
930
933
937
935
933
932
930
931
930
933
936
936
