[NumeroDePontos = 126]
986
991
993
994
992
992
991
991
987
981
978
972
963
953
945
942
941
940
938
937
936
934
939
938
941
941
940
939
938
939
942
944
942
940
942
944
944
946
946
941
940
939
938
936
936
942
959
987
1023
1062
1100
1138
1175
1207
1233
1254
1268
1265
1246
1224
1202
1176
1153
1122
1091
1071
1059
1045
1026
1004
988
977
964
953
936
925
923
920
920
915
909
903
901
902
905
905
903
905
906
909
911
912
911
909
909
910
913
913
912
909
912
915
917
917
915
912
915
916
917
914
912
911
911
913
918
917
912
910
910
911
911
911
912
910
912
913
