[NumeroDePontos = 115]
928
926
926
927
927
928
927
927
924
924
924
925
924
925
928
931
932
933
927
924
918
919
920
920
925
926
927
925
919
910
908
914
925
944
968
993
1027
1069
1107
1145
1170
1191
1206
1211
1206
1188
1170
1149
1129
1100
1068
1045
1037
1028
1013
987
968
951
940
930
918
905
898
893
889
891
888
888
887
886
883
876
878
878
879
882
881
882
884
885
886
890
890
888
885
885
887
888
892
892
894
896
894
899
903
897
889
883
887
895
895
888
886
887
890
894
895
899
898
899
898
892
890
884
884
