[NumeroDePontos = 99]
949
948
947
948
949
950
955
954
949
949
952
954
954
951
951
953
957
958
958
960
957
961
962
963
957
951
951
958
975
1004
1040
1077
1113
1158
1196
1230
1256
1268
1262
1245
1224
1201
1180
1154
1120
1084
1064
1051
1035
1013
991
976
967
956
945
938
931
928
928
927
922
918
915
917
916
919
922
922
921
922
923
925
926
923
923
925
928
929
929
928
924
925
928
930
927
926
923
926
929
928
928
925
922
921
924
924
925
928
925
