[NumeroDePontos = 104]
978
970
966
962
958
955
959
959
962
958
958
956
955
958
960
960
960
959
959
963
964
965
966
964
966
968
971
972
965
960
957
957
963
973
987
1011
1042
1080
1118
1155
1188
1218
1242
1265
1277
1277
1260
1235
1215
1197
1176
1145
1111
1086
1069
1059
1042
1021
1003
987
977
968
960
955
947
940
937
932
930
926
925
926
925
925
929
929
926
923
924
929
932
930
925
925
930
933
932
932
930
928
929
930
935
936
936
930
930
931
934
932
932
929
929
931
