[NumeroDePontos = 99]
955
956
953
951
950
953
956
955
953
951
956
956
958
956
957
958
962
959
958
954
954
954
956
959
962
959
956
951
954
961
974
998
1024
1056
1091
1128
1169
1206
1235
1255
1264
1255
1231
1200
1175
1156
1138
1114
1080
1055
1038
1023
1006
992
975
962
952
941
935
931
928
925
921
921
922
923
920
920
921
919
923
926
926
921
918
918
924
927
925
927
923
920
920
925
928
928
926
926
927
928
931
928
924
921
923
928
930
928
927
