[NumeroDePontos = 96]
964
964
962
965
966
966
964
963
960
961
964
968
969
968
969
971
971
974
973
971
967
964
965
963
969
982
1007
1041
1075
1115
1155
1194
1229
1258
1277
1283
1271
1246
1224
1207
1192
1171
1139
1102
1076
1060
1046
1030
1011
996
979
969
959
952
946
940
934
932
932
933
932
931
926
927
931
932
931
929
930
931
933
935
933
933
933
934
938
934
936
935
932
933
934
936
937
936
933
931
938
938
936
934
931
930
931
935
