[NumeroDePontos = 102]
1001
1002
1001
998
997
996
997
998
996
994
992
990
991
991
989
986
983
983
983
985
984
984
980
981
982
984
982
978
976
970
975
978
978
977
975
974
972
978
977
975
972
969
967
966
967
968
967
968
969
972
974
975
979
985
997
1010
1023
1040
1063
1093
1132
1165
1191
1212
1235
1271
1307
1339
1366
1386
1396
1400
1383
1348
1297
1244
1193
1136
1078
1029
981
948
925
915
913
913
909
909
910
911
914
913
912
911
909
910
909
911
914
912
907
903
