[NumeroDePontos = 104]
965
963
960
959
958
961
962
963
961
960
959
960
960
965
966
963
960
961
965
966
966
966
965
968
972
972
970
968
962
963
964
970
981
1003
1034
1072
1112
1155
1195
1224
1252
1275
1288
1286
1267
1242
1219
1200
1176
1141
1109
1085
1071
1057
1040
1019
1002
986
971
960
950
945
940
934
927
927
925
924
924
922
919
923
925
925
925
926
928
929
929
928
929
929
930
931
934
932
928
928
927
930
935
931
931
927
926
929
930
930
927
926
924
927
930
932
