[NumeroDePontos = 96]
960
957
959
963
965
963
962
965
964
964
967
966
965
965
966
970
975
972
971
969
967
966
967
967
971
983
1007
1041
1076
1113
1145
1177
1210
1240
1262
1282
1294
1287
1269
1248
1224
1197
1164
1128
1100
1088
1077
1060
1037
1022
1006
996
984
972
956
946
939
938
937
934
929
925
925
927
927
929
932
929
930
932
933
937
935
933
928
934
933
937
936
933
933
934
933
933
932
931
930
933
935
934
934
932
932
937
939
937
