[NumeroDePontos = 110]
1009
1000
992
987
986
986
986
985
982
978
979
984
986
986
984
978
978
983
985
985
984
981
985
985
989
990
993
991
988
985
985
987
984
983
986
1001
1026
1058
1089
1116
1149
1185
1221
1246
1261
1270
1269
1256
1234
1208
1188
1170
1145
1117
1094
1079
1063
1045
1033
1019
1004
989
976
963
962
959
954
948
946
940
940
944
946
946
945
942
946
951
951
951
952
952
951
947
950
949
949
946
949
948
952
951
950
950
951
948
950
949
947
947
952
952
952
948
946
945
947
950
947
943
