[NumeroDePontos = 104]
964
961
962
966
964
964
963
963
965
967
967
967
969
967
971
973
973
972
970
968
972
975
973
969
967
966
979
1004
1032
1068
1105
1150
1197
1235
1264
1285
1293
1291
1272
1254
1237
1216
1189
1156
1120
1099
1083
1064
1042
1021
1008
993
982
969
956
949
945
944
938
933
932
929
930
931
932
930
929
931
933
935
934
937
934
932
936
939
940
938
937
936
938
941
941
939
937
936
937
937
937
939
935
935
936
934
936
935
934
936
936
938
937
935
936
935
