[NumeroDePontos = 96]
959
959
958
960
961
959
960
960
962
963
967
965
964
962
961
966
969
971
968
964
962
961
966
971
982
1003
1032
1065
1100
1135
1174
1213
1245
1267
1278
1263
1218
1165
1128
1113
1104
1084
1056
1035
1029
1022
1010
997
982
974
966
960
953
945
937
932
930
929
929
929
927
926
926
928
930
930
931
933
930
933
935
935
934
934
934
937
938
938
936
931
937
939
942
945
943
943
943
943
944
945
943
942
941
942
944
943
