[NumeroDePontos = 96]
1008
997
994
994
994
990
986
984
987
992
997
998
996
997
997
996
997
994
993
995
999
1001
1002
999
1002
1006
1011
1008
1006
998
998
1005
1019
1042
1068
1095
1125
1162
1206
1250
1283
1304
1300
1273
1230
1191
1173
1161
1138
1106
1087
1072
1057
1036
1016
1008
1009
1007
995
981
971
970
969
967
966
963
960
959
960
957
958
954
954
955
951
948
944
940
935
934
936
934
934
931
930
932
933
938
936
935
933
931
931
932
931
933
