[NumeroDePontos = 96]
966
962
961
955
955
955
957
958
956
955
954
956
959
958
956
955
958
961
963
966
968
965
966
964
966
965
964
962
969
970
973
972
975
980
997
1032
1069
1109
1150
1188
1219
1243
1259
1267
1254
1220
1166
1119
1094
1084
1074
1056
1028
1002
989
979
973
964
956
949
946
942
938
934
933
939
939
939
938
936
937
941
942
942
940
937
935
937
943
947
947
943
943
943
944
944
942
942
944
946
945
944
945
947
948
951
