[NumeroDePontos = 115]
980
970
956
951
948
948
948
950
944
943
946
946
948
947
946
946
948
949
949
949
948
949
951
954
953
952
950
954
956
958
956
953
954
953
959
963
970
978
998
1026
1067
1104
1151
1186
1212
1232
1245
1254
1252
1233
1188
1136
1101
1087
1077
1053
1023
1004
999
992
978
964
954
949
947
944
935
925
918
920
919
920
919
918
914
919
921
923
924
923
920
919
923
923
925
922
924
924
927
929
929
929
926
925
927
929
928
925
925
927
930
931
933
930
932
931
932
933
929
928
928
930
932
935
931
