[NumeroDePontos = 104]
965
965
966
967
967
970
971
971
973
972
968
969
970
971
972
970
970
972
972
973
973
973
974
974
973
975
976
981
994
1016
1047
1082
1119
1150
1183
1214
1239
1254
1262
1260
1238
1192
1142
1106
1091
1078
1058
1038
1026
1023
1023
1018
1009
1007
1006
1002
997
982
955
923
898
895
899
913
926
937
943
943
942
941
941
945
947
946
946
944
942
942
943
944
942
945
941
942
942
943
942
942
939
942
940
941
938
938
935
935
937
937
933
935
934
934
936
936
