[NumeroDePontos = 88]
1050
1047
1040
1033
1027
1020
1015
1015
1013
1014
1013
1012
1011
1010
1009
1012
1015
1015
1013
1013
1011
1014
1018
1019
1020
1020
1020
1024
1028
1031
1031
1033
1040
1057
1083
1111
1140
1168
1198
1229
1258
1275
1274
1257
1218
1168
1132
1115
1108
1091
1070
1052
1043
1035
1028
1014
1007
1001
998
993
988
984
980
982
979
977
978
979
978
981
982
984
981
982
984
986
988
988
990
987
983
984
984
984
986
986
987
986
