[NumeroDePontos = 99]
964
966
964
955
945
942
945
950
954
955
955
952
954
951
947
949
952
957
960
960
959
961
960
957
958
960
958
958
959
964
976
994
1017
1045
1076
1109
1143
1179
1209
1225
1239
1233
1212
1160
1098
1062
1048
1040
1022
1005
992
987
979
971
967
958
940
929
925
925
928
931
930
925
925
928
931
928
925
926
931
932
930
928
924
921
923
923
927
931
930
930
929
933
935
937
933
933
934
937
942
943
936
928
927
929
935
938
936
