[NumeroDePontos = 96]
954
953
952
953
955
957
957
955
957
953
953
955
955
955
956
959
962
966
967
966
965
964
966
969
969
977
988
1014
1055
1103
1147
1185
1221
1244
1260
1264
1246
1200
1147
1110
1096
1092
1078
1050
1021
1007
1000
989
975
965
955
948
943
938
934
928
930
927
929
929
930
928
930
927
929
932
935
933
929
931
931
933
936
938
936
937
937
937
937
936
938
935
938
940
939
938
941
939
939
942
942
940
939
939
936
937
