[NumeroDePontos = 91]
1051
1052
1051
1051
1053
1060
1057
1053
1047
1050
1055
1063
1063
1062
1057
1054
1057
1060
1060
1061
1061
1060
1062
1065
1066
1073
1088
1118
1154
1194
1232
1269
1304
1334
1357
1376
1374
1349
1301
1252
1226
1214
1196
1167
1130
1100
1086
1085
1080
1064
1053
1044
1042
1038
1040
1041
1038
1037
1035
1036
1035
1034
1035
1036
1042
1042
1040
1035
1034
1035
1044
1051
1049
1046
1043
1043
1045
1049
1048
1045
1041
1038
1048
1050
1052
1049
1050
1050
1052
1053
1050
