[NumeroDePontos = 102]
941
939
943
946
947
947
947
947
949
951
950
948
949
951
953
953
954
953
952
957
958
958
957
955
957
965
979
1001
1027
1054
1085
1117
1158
1192
1223
1240
1248
1248
1234
1204
1173
1154
1139
1120
1095
1063
1035
1020
1015
1004
988
971
962
952
942
935
930
929
929
927
925
923
923
922
923
921
919
924
926
929
926
924
923
925
927
928
928
929
925
927
928
930
927
925
924
922
926
928
928
927
927
926
925
927
925
924
922
925
926
926
924
922
