[NumeroDePontos = 93]
954
957
962
962
962
961
960
960
963
961
961
960
962
966
969
970
967
969
969
971
975
973
970
971
976
992
1013
1043
1077
1115
1158
1203
1236
1260
1271
1273
1257
1233
1211
1191
1174
1157
1130
1100
1073
1055
1040
1025
1008
992
981
971
959
949
941
939
940
936
931
926
922
925
929
927
928
926
927
927
932
929
931
928
928
929
934
931
931
931
931
935
936
935
932
929
930
929
932
931
930
927
925
926
929
