[NumeroDePontos = 88]
1060
1062
1064
1063
1062
1062
1061
1065
1062
1061
1063
1064
1066
1068
1068
1069
1066
1066
1068
1071
1069
1068
1068
1069
1074
1079
1088
1102
1122
1156
1197
1238
1276
1311
1334
1349
1360
1350
1315
1276
1250
1232
1215
1191
1161
1137
1128
1120
1110
1096
1082
1069
1062
1054
1048
1043
1038
1034
1033
1030
1035
1036
1036
1035
1033
1033
1034
1039
1039
1039
1038
1036
1036
1040
1039
1039
1040
1036
1038
1038
1039
1035
1036
1036
1038
1042
1040
1038
