[NumeroDePontos = 99]
1030
1028
1023
1019
1024
1028
1027
1029
1026
1026
1026
1028
1029
1027
1026
1027
1029
1033
1028
1032
1029
1031
1031
1030
1029
1030
1031
1043
1063
1092
1124
1161
1201
1240
1279
1305
1318
1327
1318
1287
1254
1226
1205
1185
1157
1125
1103
1093
1077
1060
1041
1029
1022
1017
1008
1001
996
994
994
991
988
984
986
987
988
986
988
986
985
986
989
992
991
988
987
984
986
989
992
989
985
985
987
991
989
991
987
986
986
990
987
986
985
986
988
991
989
988
986
