[NumeroDePontos = 102]
953
953
949
948
950
952
954
953
954
950
948
951
956
959
956
957
953
957
962
962
959
961
959
960
963
963
963
959
962
969
979
999
1028
1064
1104
1149
1189
1220
1241
1252
1259
1261
1249
1221
1190
1168
1147
1121
1086
1053
1029
1012
998
984
970
960
950
942
935
935
936
938
933
924
918
918
919
920
921
921
921
925
926
927
926
925
927
926
926
928
927
926
926
928
929
928
925
925
924
928
929
929
924
923
923
926
928
926
925
923
923
926
