[NumeroDePontos = 96]
967
965
966
965
967
968
970
968
967
970
970
974
973
971
971
973
974
977
978
980
977
976
977
979
982
981
980
982
988
1001
1021
1052
1081
1120
1159
1192
1221
1244
1257
1266
1271
1272
1249
1213
1185
1167
1152
1132
1100
1069
1049
1039
1026
1011
997
988
979
971
964
958
950
946
942
940
941
941
939
939
938
937
938
941
941
941
938
938
939
941
942
942
941
941
943
945
944
943
940
941
945
944
945
941
940
938
942
944
