[NumeroDePontos = 93]
973
964
961
956
952
951
954
953
955
956
957
953
957
959
959
962
961
959
962
965
968
969
969
968
970
971
973
974
972
970
966
968
974
987
1010
1038
1074
1107
1144
1177
1209
1234
1258
1279
1282
1264
1235
1203
1178
1154
1123
1095
1072
1059
1047
1030
1018
1004
994
981
971
962
955
950
945
941
939
938
941
941
939
938
941
943
944
943
941
944
948
949
952
954
952
952
953
951
949
952
950
951
950
953
957
