[NumeroDePontos = 93]
966
968
968
967
964
962
962
968
967
966
964
960
962
967
967
970
968
966
969
968
969
970
971
971
972
976
976
979
979
981
994
1011
1040
1074
1110
1153
1195
1232
1254
1263
1255
1225
1166
1109
1079
1069
1053
1028
1003
990
982
970
958
952
949
946
942
936
932
931
934
936
938
939
941
939
943
944
945
943
940
938
941
946
950
948
945
945
945
950
949
948
945
943
943
946
948
947
946
942
944
946
948
