[NumeroDePontos = 99]
953
950
952
954
956
954
954
952
953
957
957
959
957
955
958
962
961
962
960
959
959
959
958
962
961
968
988
1011
1041
1070
1098
1128
1161
1200
1232
1253
1262
1260
1240
1215
1192
1171
1146
1112
1077
1054
1045
1030
1012
991
979
971
966
958
944
932
926
926
928
924
918
914
915
915
917
914
917
918
919
918
920
918
917
915
916
918
920
923
920
919
917
920
920
920
917
915
914
916
917
918
919
915
915
918
918
918
915
910
913
