[NumeroDePontos = 93]
958
954
952
952
955
957
955
957
957
956
959
961
959
959
960
956
962
964
962
964
963
962
967
966
966
967
973
989
1014
1046
1083
1122
1161
1199
1229
1251
1257
1246
1215
1180
1162
1152
1135
1110
1075
1043
1030
1018
1001
987
971
958
952
948
940
938
933
931
931
930
927
925
925
924
927
930
929
931
930
931
931
934
930
930
930
929
932
934
933
932
931
931
933
936
933
932
926
926
928
930
929
927
926
