[NumeroDePontos = 99]
945
946
944
944
945
947
947
948
946
946
946
948
949
951
951
948
949
954
957
956
956
953
951
955
957
964
968
988
1015
1048
1083
1121
1156
1190
1217
1239
1251
1247
1228
1195
1168
1148
1126
1094
1068
1049
1039
1025
1011
993
980
968
959
951
945
935
932
927
922
918
919
915
917
916
916
920
921
918
916
914
915
917
921
924
923
922
919
921
924
924
922
920
918
916
920
920
918
916
918
920
920
922
922
919
915
917
919
920
918
