[NumeroDePontos = 93]
954
950
948
949
948
952
955
954
955
952
951
957
958
955
954
955
955
957
964
963
965
960
965
963
967
967
971
978
996
1023
1058
1095
1135
1176
1211
1239
1257
1258
1247
1219
1191
1171
1152
1125
1086
1053
1035
1024
1016
997
974
958
949
944
937
931
929
926
922
921
922
922
923
920
916
918
921
921
924
920
920
923
927
927
927
925
922
923
927
925
925
922
920
922
924
924
922
923
921
921
923
923
923
