[NumeroDePontos = 93]
945
943
942
944
947
948
948
946
943
945
949
951
952
952
950
950
953
954
955
953
951
954
961
970
985
1008
1041
1082
1127
1170
1203
1230
1240
1240
1219
1170
1114
1079
1065
1057
1040
1015
993
979
969
965
955
942
934
930
924
920
917
916
916
916
916
918
921
926
926
923
919
921
925
928
927
926
923
923
926
929
931
931
929
930
931
932
934
931
930
929
933
933
932
932
931
928
930
930
932
931
933
