[NumeroDePontos = 93]
959
958
956
956
959
962
963
961
959
959
964
965
965
962
963
962
964
966
970
970
968
969
971
970
971
974
984
1005
1034
1073
1110
1146
1182
1217
1249
1265
1267
1252
1204
1149
1111
1096
1085
1061
1030
1008
1000
999
985
973
961
954
950
941
934
928
924
924
924
924
922
923
921
919
922
925
921
924
921
921
922
923
923
921
925
926
929
930
930
926
928
928
931
935
931
926
927
928
932
936
935
933
930
