[NumeroDePontos = 107]
957
954
950
945
945
946
951
951
949
948
946
949
950
950
948
948
949
953
953
955
953
953
953
956
960
960
957
955
957
958
965
970
973
984
1007
1038
1076
1112
1151
1188
1221
1243
1255
1258
1240
1193
1141
1106
1093
1083
1064
1037
1010
998
994
983
972
956
950
944
941
937
929
923
924
926
923
921
919
918
922
923
928
927
928
926
925
927
929
932
933
930
929
930
931
932
933
930
931
935
937
938
931
934
936
935
938
938
934
933
933
935
938
939
937
935
934
