[NumeroDePontos = 99]
953
950
949
947
947
949
949
948
946
949
953
955
955
950
952
952
955
956
957
953
953
958
959
960
963
965
973
988
1009
1040
1080
1120
1160
1200
1229
1243
1249
1236
1190
1137
1102
1087
1075
1053
1020
997
990
988
978
962
950
945
945
941
936
930
925
923
928
928
925
924
920
922
927
931
931
931
928
928
930
932
936
937
936
936
936
936
937
936
936
938
939
940
940
939
937
938
940
940
940
940
937
940
942
939
940
942
941
