[NumeroDePontos = 113]
944
942
942
944
942
939
940
945
947
946
943
943
945
945
946
949
944
944
945
951
953
953
951
949
945
952
956
960
963
969
984
1010
1050
1093
1142
1183
1217
1241
1250
1237
1195
1134
1084
1065
1059
1044
1015
986
974
969
963
950
940
932
925
922
918
914
913
914
912
914
915
917
918
916
917
919
924
922
923
920
921
922
924
926
927
927
927
927
931
933
931
928
928
930
930
930
929
927
923
929
935
937
935
935
935
937
940
941
941
944
944
949
948
950
949
952
951
953
956
959
962
