[NumeroDePontos = 93]
952
960
965
967
963
954
948
949
953
955
955
954
954
957
961
964
958
955
955
954
959
959
959
962
966
971
968
971
978
994
1024
1061
1097
1133
1164
1192
1215
1231
1235
1229
1206
1164
1112
1082
1068
1058
1035
1005
984
973
969
960
951
942
935
930
927
924
920
920
919
921
922
925
926
924
926
925
925
927
925
923
920
921
927
930
928
922
921
922
925
931
930
927
928
926
934
938
937
933
932
936
932
