[NumeroDePontos = 121]
993
981
971
966
969
970
970
964
959
958
959
963
964
965
963
961
965
965
967
967
966
963
965
966
970
970
969
968
970
973
972
968
963
965
966
975
987
1010
1038
1078
1125
1171
1213
1241
1263
1278
1280
1266
1233
1205
1185
1168
1152
1129
1100
1076
1059
1045
1027
1009
992
982
969
960
948
942
937
931
927
927
927
928
928
925
924
922
924
925
926
925
925
922
926
928
929
931
928
927
929
929
930
930
929
929
930
932
932
930
928
927
927
931
929
927
927
927
932
934
933
931
927
927
928
931
931
932
930
927
928
927
930
