[NumeroDePontos = 104]
961
963
965
963
961
958
962
965
968
967
964
960
961
966
966
964
965
963
964
968
969
971
971
970
973
975
973
978
977
985
995
1008
1031
1060
1096
1141
1184
1225
1253
1271
1276
1262
1227
1173
1132
1111
1097
1077
1047
1021
1014
1010
1004
991
979
970
965
961
958
950
951
952
952
953
952
953
957
958
954
954
953
952
951
955
954
951
950
946
949
951
952
952
948
945
948
949
948
949
945
944
945
948
949
949
951
949
951
953
955
953
955
959
960
964
