[NumeroDePontos = 107]
987
979
976
975
976
976
973
974
972
972
973
977
976
975
974
974
975
980
983
986
987
982
975
972
976
981
984
987
989
989
990
992
1002
1028
1065
1106
1147
1187
1222
1249
1268
1283
1291
1282
1251
1215
1192
1174
1156
1126
1104
1084
1074
1054
1033
1019
1011
1001
993
982
971
965
959
956
957
961
961
962
965
964
964
962
955
953
954
956
958
961
962
959
958
959
961
962
961
956
950
951
956
960
958
953
947
946
950
954
957
955
954
950
946
945
947
951
952
953
954
