[NumeroDePontos = 102]
941
944
946
947
944
941
940
940
942
942
944
948
950
953
954
953
952
951
955
956
957
961
970
992
1021
1057
1089
1122
1159
1200
1234
1257
1264
1258
1229
1171
1101
1059
1047
1046
1025
996
973
962
954
946
938
936
935
934
931
924
918
914
914
915
914
912
915
919
922
922
922
919
919
919
923
926
929
929
927
928
926
921
920
920
924
928
930
928
925
925
922
926
929
930
931
929
928
926
928
932
930
928
924
923
929
933
934
935
934
933
