[NumeroDePontos = 91]
959
954
948
943
940
942
942
944
946
943
937
937
943
952
956
953
943
934
931
931
933
935
938
942
947
951
950
950
948
952
960
977
1004
1039
1082
1122
1157
1192
1227
1254
1275
1278
1261
1214
1156
1118
1099
1087
1064
1037
1021
1015
1008
995
984
975
975
973
963
958
955
956
957
955
960
964
970
975
979
981
978
976
977
977
985
987
989
985
984
987
992
998
998
992
985
987
1002
1012
1011
1006
1003
