[NumeroDePontos = 96]
953
954
951
951
951
953
956
953
955
957
960
962
961
961
959
960
962
963
967
966
964
964
961
959
956
958
969
988
1018
1050
1086
1124
1163
1198
1230
1254
1272
1278
1265
1240
1216
1195
1171
1136
1095
1064
1046
1035
1016
994
980
965
955
943
933
928
922
917
913
911
909
907
904
905
908
909
912
912
914
913
914
918
917
919
916
914
915
920
919
919
917
916
914
918
919
916
914
915
916
919
920
918
919
915
915
918
