[NumeroDePontos = 104]
955
951
955
955
954
953
950
952
955
955
954
954
954
955
958
961
960
957
958
960
964
966
963
963
959
962
963
963
961
957
960
967
987
1016
1044
1079
1114
1152
1194
1225
1251
1269
1271
1254
1226
1195
1170
1145
1112
1082
1063
1049
1034
1016
1001
987
978
968
958
944
933
930
930
924
921
920
920
921
921
924
923
923
922
922
923
924
924
923
924
927
927
928
926
925
923
925
927
928
927
926
925
924
927
928
926
924
924
925
924
925
925
923
920
921
