[NumeroDePontos = 129]
995
994
996
994
995
990
980
972
962
956
955
950
948
949
949
950
948
949
947
951
952
955
955
955
951
951
953
956
954
955
955
959
959
960
961
961
959
960
960
962
962
970
991
1023
1059
1098
1137
1177
1208
1235
1255
1256
1242
1211
1183
1169
1158
1141
1116
1080
1051
1034
1023
1006
989
971
959
950
942
938
933
932
927
926
925
925
924
924
922
922
923
925
925
924
923
924
927
929
930
928
928
926
927
930
931
929
924
927
929
930
928
926
926
926
926
926
928
923
922
924
924
924
921
922
922
926
929
930
928
925
924
926
930
933
932
933
931
935
938
