[NumeroDePontos = 107]
958
953
951
949
950
954
952
952
952
950
953
956
954
954
952
954
955
958
958
958
957
955
957
959
962
959
954
951
953
959
969
985
1010
1043
1085
1126
1165
1200
1228
1252
1264
1263
1242
1211
1186
1161
1136
1105
1082
1064
1053
1037
1021
1003
988
975
959
946
939
934
930
924
919
918
917
919
919
917
919
916
918
920
921
921
920
920
923
925
925
926
921
920
921
923
925
924
922
919
923
924
925
926
923
924
925
928
925
924
923
922
924
928
930
929
928
926
926
