[NumeroDePontos = 126]
995
992
994
992
994
990
986
983
986
984
985
985
985
982
979
981
981
980
976
975
976
977
979
977
978
974
974
973
972
970
970
965
964
966
968
969
969
970
973
974
980
987
994
1008
1029
1047
1070
1099
1128
1157
1180
1203
1234
1263
1292
1315
1340
1363
1378
1377
1342
1283
1218
1167
1116
1060
1008
965
938
922
917
912
907
904
906
909
910
907
907
903
907
907
908
906
903
899
897
898
895
894
889
883
882
884
890
896
897
897
898
898
897
897
901
899
902
904
905
906
906
901
899
898
906
903
902
899
898
899
901
901
898
897
897
897
898
900
