[NumeroDePontos = 102]
982
974
967
968
964
962
959
965
961
960
964
967
965
965
967
966
966
965
967
968
966
964
965
966
965
967
968
967
963
958
954
962
973
985
1010
1045
1085
1126
1168
1203
1229
1249
1255
1242
1217
1185
1162
1146
1123
1092
1067
1053
1043
1032
1015
1001
988
976
962
954
946
947
948
948
946
944
947
947
946
947
948
948
949
950
950
950
950
948
948
951
952
953
952
949
948
949
953
954
951
947
948
951
954
953
951
948
943
944
948
947
947
940
