[NumeroDePontos = 102]
964
966
963
960
965
967
964
963
964
964
964
966
968
968
969
968
970
971
974
970
971
969
969
969
969
971
980
1001
1031
1070
1109
1146
1189
1226
1258
1278
1284
1272
1246
1226
1212
1199
1176
1151
1119
1094
1081
1068
1051
1029
1012
996
980
967
957
951
945
937
934
933
930
927
925
927
928
932
931
931
928
929
933
935
935
933
933
932
937
942
940
940
936
935
935
939
939
938
935
936
935
940
938
940
940
936
936
938
937
939
938
938
941
944
