[NumeroDePontos = 99]
976
972
969
970
970
970
967
968
968
969
968
968
969
972
972
971
971
972
972
975
978
979
976
977
974
976
977
975
974
979
994
1019
1054
1094
1133
1174
1211
1246
1270
1285
1280
1256
1228
1206
1192
1175
1154
1127
1101
1082
1073
1059
1035
1016
999
987
976
962
951
945
941
939
936
931
928
930
926
926
928
928
929
929
929
931
931
932
930
931
928
931
931
933
930
928
930
932
933
932
932
931
931
934
933
933
934
933
932
936
937
