[NumeroDePontos = 113]
1020
1016
1007
1000
992
982
973
972
970
967
967
965
967
963
966
972
974
973
969
962
967
971
974
975
973
973
975
977
977
976
974
970
968
969
973
985
1005
1031
1065
1103
1143
1186
1224
1255
1277
1288
1288
1262
1227
1197
1173
1146
1116
1093
1076
1059
1036
1019
1010
997
986
975
961
951
947
945
940
937
935
938
939
940
935
933
935
935
935
938
938
939
939
942
941
941
940
936
937
937
941
946
946
945
942
943
945
944
944
942
943
945
944
943
940
940
939
941
944
945
943
943
942
943
946
