[NumeroDePontos = 102]
952
951
953
948
944
944
947
949
951
947
945
950
952
952
948
950
949
949
952
954
956
956
956
957
959
959
961
956
953
951
949
950
953
965
988
1021
1056
1096
1137
1174
1205
1232
1255
1263
1254
1228
1199
1175
1162
1148
1125
1097
1069
1051
1044
1035
1021
1000
985
972
957
941
935
931
931
930
926
923
921
919
919
920
922
929
931
930
927
929
932
931
932
933
934
939
941
947
947
946
946
949
954
960
960
954
949
951
958
963
960
955
957
959
