[NumeroDePontos = 113]
949
946
947
948
947
948
945
941
946
950
953
953
948
946
946
949
953
955
953
952
951
955
960
958
956
953
952
952
949
948
947
953
969
994
1021
1052
1089
1127
1169
1208
1241
1260
1267
1255
1227
1202
1179
1162
1132
1095
1063
1048
1043
1027
1008
991
979
969
959
950
938
930
928
923
925
923
923
918
916
917
917
915
915
912
914
916
920
919
921
917
917
917
922
921
921
922
920
922
923
922
920
919
920
924
923
925
925
925
924
926
925
924
923
920
921
923
923
922
922
919
921
923
926
