[NumeroDePontos = 121]
976
965
958
960
963
964
960
959
957
958
958
960
959
959
960
960
961
963
964
962
963
963
965
967
967
966
967
968
968
967
967
970
976
994
1017
1050
1086
1125
1166
1211
1242
1265
1280
1284
1266
1235
1208
1188
1169
1144
1110
1083
1068
1054
1035
1016
995
982
974
965
955
944
938
938
939
933
929
927
924
926
927
927
924
925
923
926
930
930
930
928
924
928
927
931
929
927
926
927
928
932
927
925
927
928
932
931
929
928
929
931
931
932
933
930
930
931
935
933
931
930
929
932
935
936
937
934
933
937
940
943
944
