[NumeroDePontos = 121]
1035
1035
1036
1027
1017
1007
998
994
997
997
994
988
988
988
992
992
990
986
986
988
992
991
992
992
988
991
993
997
997
994
990
992
994
993
989
984
980
980
989
1004
1028
1062
1097
1139
1176
1212
1243
1266
1282
1290
1286
1264
1236
1214
1193
1172
1143
1117
1096
1082
1066
1047
1031
1016
1002
988
969
959
953
950
945
935
927
926
930
929
927
923
925
924
929
926
922
920
918
919
923
925
923
920
919
921
927
930
932
935
932
932
934
932
931
935
937
937
939
944
944
938
937
937
943
945
945
943
945
947
951
955
955
952
951
