[NumeroDePontos = 115]
1017
1012
1001
986
976
970
963
965
964
960
960
960
964
965
961
960
962
964
964
964
966
967
965
965
967
974
977
975
975
970
976
980
981
981
982
976
979
986
1005
1032
1062
1092
1125
1164
1196
1228
1251
1265
1283
1292
1280
1256
1229
1210
1191
1170
1142
1113
1095
1080
1064
1044
1031
1017
1003
987
973
963
959
954
949
940
936
933
934
931
926
924
925
924
923
916
913
913
918
926
931
929
923
916
914
922
933
935
935
934
929
927
928
933
939
934
933
933
935
936
936
938
939
938
936
936
934
937
942
