[NumeroDePontos = 132]
1010
1010
1008
1008
1003
993
985
972
967
963
964
962
962
960
961
959
957
957
959
960
959
956
954
956
958
959
959
957
957
959
961
961
960
956
949
950
951
959
981
1012
1049
1090
1131
1176
1213
1242
1267
1277
1268
1245
1218
1189
1150
1110
1080
1068
1061
1047
1025
1011
994
984
966
948
934
928
923
917
914
910
908
909
903
904
905
909
909
912
911
911
909
907
906
911
917
920
921
919
922
922
926
926
926
922
923
926
932
935
933
935
937
939
940
945
943
942
940
943
944
944
942
939
938
945
948
948
947
948
945
949
952
957
962
962
959
960
964
967
972
971
970
972
