[NumeroDePontos = 126]
1008
1004
1006
1006
1002
995
983
972
960
955
952
952
950
950
954
955
955
958
956
958
960
959
957
960
962
962
966
972
970
968
968
971
976
976
976
975
974
975
976
981
986
1002
1027
1059
1096
1134
1176
1212
1235
1254
1265
1260
1233
1196
1171
1158
1145
1124
1096
1070
1053
1046
1036
1021
1000
985
971
963
956
951
949
945
940
940
942
943
942
941
939
940
940
942
941
940
936
940
943
944
944
942
940
941
946
950
949
945
944
948
950
954
953
953
949
954
955
954
952
951
949
948
950
954
958
957
953
950
949
949
947
947
945
949
951
953
953
952
