[NumeroDePontos = 115]
1007
1002
994
988
986
976
967
968
981
991
1000
997
991
988
986
985
987
986
985
985
986
986
985
985
985
986
987
986
984
979
970
967
969
975
991
1011
1041
1077
1123
1170
1220
1261
1288
1300
1293
1273
1248
1227
1201
1173
1147
1129
1116
1103
1087
1069
1053
1043
1024
1009
992
983
977
968
959
952
946
946
951
951
947
943
938
938
940
942
939
936
935
941
943
944
940
935
933
935
937
939
946
957
966
965
958
957
957
955
955
957
958
957
961
963
966
966
970
972
971
965
964
966
968
964
967
967
966
