[NumeroDePontos = 151]
1042
1039
1037
1032
1029
1032
1034
1035
1031
1018
1006
993
988
986
986
983
981
981
982
981
981
977
981
982
984
985
986
984
982
984
985
987
988
989
990
990
993
990
989
988
984
984
989
1001
1021
1046
1077
1111
1154
1192
1229
1258
1283
1304
1308
1296
1274
1247
1222
1200
1175
1145
1122
1110
1098
1079
1057
1035
1017
1002
987
974
966
962
956
951
948
946
946
947
947
947
946
949
951
950
948
947
949
951
951
954
954
952
950
951
956
957
955
954
950
947
951
951
951
947
948
948
953
952
951
948
948
946
947
947
946
945
947
948
952
953
952
951
952
957
960
963
966
966
968
972
976
979
980
984
985
988
993
993
997
1000
1003
1007
1012
1015
1017
1016
1017
1021
1023
