[NumeroDePontos = 154]
1022
1023
1022
1025
1025
1030
1027
1026
1025
1019
1021
1020
1016
1005
993
979
975
973
975
974
972
968
967
968
970
970
970
972
970
973
974
973
976
977
975
977
979
978
978
978
976
980
978
973
968
971
980
999
1026
1059
1096
1136
1180
1220
1253
1276
1294
1290
1267
1240
1212
1188
1158
1123
1096
1084
1074
1054
1030
1008
994
987
976
965
952
943
938
936
933
930
930
929
929
927
928
929
928
930
932
932
933
934
932
929
930
931
931
934
935
937
937
936
935
935
932
930
930
931
933
933
931
930
929
929
930
932
932
930
928
932
932
936
937
935
934
937
939
942
944
948
949
952
957
960
959
962
961
966
971
973
973
975
976
984
989
989
991
990
994
995
996
995
994
991
