[NumeroDePontos = 113]
979
970
961
954
954
954
954
954
954
952
955
957
957
957
958
958
960
963
963
964
961
960
961
964
967
968
968
964
965
967
964
962
960
958
969
989
1015
1046
1077
1110
1145
1183
1215
1240
1255
1254
1242
1217
1191
1171
1152
1131
1101
1073
1057
1047
1034
1016
1001
993
982
972
958
946
941
937
935
932
928
925
926
928
930
926
925
926
928
930
930
931
931
929
928
930
931
932
932
929
932
932
933
933
931
929
931
932
929
929
926
926
929
933
933
934
930
927
928
929
930
931
930
929
931
