[NumeroDePontos = 99]
956
955
954
952
952
954
955
954
955
954
957
959
957
960
957
957
959
962
961
964
962
957
956
955
960
965
980
1000
1034
1072
1111
1151
1187
1218
1246
1266
1272
1257
1231
1204
1182
1160
1130
1100
1079
1063
1052
1035
1017
996
984
968
955
944
937
929
924
917
916
916
916
914
916
914
915
915
918
916
918
914
918
916
921
921
921
916
919
922
922
923
921
919
917
921
924
923
921
920
920
921
920
922
920
920
921
919
922
922
920
