[NumeroDePontos = 118]
993
986
973
964
959
960
962
960
959
958
959
959
961
962
961
960
961
964
967
967
967
966
968
971
977
976
978
976
976
976
976
971
970
969
978
995
1020
1051
1088
1124
1167
1209
1240
1267
1278
1274
1258
1233
1214
1199
1176
1144
1110
1083
1071
1061
1045
1022
1005
994
983
972
956
947
947
949
948
946
945
939
940
941
939
939
939
933
939
938
939
942
945
940
941
943
946
945
943
940
944
947
947
946
944
940
941
941
943
942
942
939
938
939
942
941
940
938
937
940
944
943
944
944
945
945
948
944
947
946
