[NumeroDePontos = 126]
990
994
996
995
993
986
986
985
985
984
983
978
978
979
978
978
976
973
974
974
976
974
973
970
970
974
972
970
971
969
967
970
964
964
960
960
961
965
969
969
970
966
968
979
990
1007
1023
1041
1070
1106
1143
1174
1196
1217
1246
1281
1315
1345
1369
1386
1393
1376
1330
1267
1205
1147
1087
1029
984
946
923
910
906
905
901
903
900
900
903
904
907
905
903
902
905
906
905
901
898
896
894
895
891
888
880
878
884
891
897
899
899
898
899
906
909
910
905
900
901
905
908
904
901
901
900
898
901
903
900
899
900
901
901
901
898
898
