[NumeroDePontos = 102]
984
976
970
970
970
972
972
971
965
970
975
975
974
969
969
970
970
969
970
973
972
971
975
976
973
973
972
973
973
971
969
968
965
969
978
993
1018
1048
1087
1131
1171
1207
1231
1244
1261
1280
1286
1268
1236
1204
1176
1154
1125
1099
1080
1064
1045
1024
1007
994
980
966
951
942
938
940
938
933
931
930
931
934
933
932
931
937
940
941
938
936
934
933
938
940
937
934
934
935
936
937
937
933
930
929
930
928
931
929
925
928
929
929
