[NumeroDePontos = 99]
944
945
943
945
947
947
946
946
942
947
948
950
950
950
949
951
955
956
954
953
951
951
951
949
949
955
969
994
1029
1065
1101
1140
1176
1209
1235
1257
1267
1259
1240
1216
1201
1187
1170
1144
1106
1070
1053
1041
1024
1003
981
966
956
948
939
929
925
921
923
920
915
912
910
910
909
909
909
909
912
912
917
919
918
916
914
914
917
918
918
918
916
919
918
921
919
917
916
915
917
921
922
919
915
917
918
918
918
917
914
