[NumeroDePontos = 110]
993
985
978
969
961
958
954
950
954
955
955
955
950
950
951
952
952
952
954
957
956
955
953
955
955
957
960
963
962
956
954
951
956
958
964
974
998
1031
1069
1113
1154
1194
1227
1252
1273
1276
1259
1231
1205
1182
1159
1130
1100
1078
1061
1046
1026
1007
989
973
955
939
931
928
925
919
911
912
914
917
917
911
910
914
920
920
919
917
916
919
922
922
922
920
919
920
924
923
922
922
919
919
918
916
916
916
916
917
919
921
922
917
914
911
916
917
920
921
918
918
