[NumeroDePontos = 107]
1000
987
978
970
966
968
965
964
960
961
964
964
963
962
963
965
967
968
967
966
968
968
971
970
971
969
970
974
976
975
974
971
968
968
970
980
995
1017
1045
1083
1117
1154
1190
1216
1236
1255
1271
1277
1260
1229
1197
1174
1153
1126
1096
1075
1061
1047
1031
1014
999
985
974
965
958
951
944
941
935
934
932
932
933
931
932
932
932
934
936
933
934
937
939
941
941
939
936
936
939
939
939
939
940
940
940
941
940
937
938
938
940
941
939
940
938
942
942
