[NumeroDePontos = 107]
947
945
945
945
943
939
942
942
942
944
943
945
944
946
945
945
946
946
947
949
951
951
953
949
951
951
954
955
951
949
949
960
977
999
1026
1054
1084
1121
1158
1195
1223
1243
1254
1252
1231
1204
1176
1152
1126
1089
1061
1043
1030
1016
998
983
970
958
946
933
929
924
924
921
916
912
909
913
914
916
916
916
916
915
917
915
915
912
915
916
919
919
917
916
916
920
920
920
918
916
916
919
919
922
919
915
916
917
919
918
916
912
915
918
918
919
918
