[NumeroDePontos = 110]
960
957
957
958
960
960
959
959
957
959
960
963
959
959
958
957
960
963
965
966
964
966
967
968
963
959
954
956
963
974
987
1008
1037
1077
1123
1165
1202
1234
1256
1276
1286
1274
1242
1212
1183
1155
1128
1101
1083
1071
1058
1039
1020
1004
990
975
960
950
945
943
940
933
929
929
930
933
929
925
925
927
929
930
933
930
930
930
930
932
929
930
927
932
933
930
932
931
929
930
929
930
928
928
924
924
923
924
925
925
922
923
924
922
922
924
921
923
924
927
927
928
