[NumeroDePontos = 113]
928
922
920
922
925
929
934
935
935
934
936
935
938
937
934
930
927
932
930
926
926
928
934
933
938
937
938
939
941
944
942
938
942
951
973
1005
1043
1083
1122
1162
1199
1228
1251
1264
1260
1244
1223
1204
1187
1168
1141
1113
1089
1075
1061
1041
1020
1003
988
979
968
955
948
946
946
944
942
937
933
935
936
935
938
940
941
941
945
946
947
945
944
942
944
943
941
937
933
931
936
935
935
932
931
932
935
935
934
934
930
934
934
934
935
932
931
933
933
937
933
934
932
932
933
