[NumeroDePontos = 104]
1020
1016
1008
1003
993
986
979
975
973
970
973
975
979
974
973
971
974
976
980
979
975
973
975
977
980
978
979
979
979
982
982
982
982
980
978
982
987
1003
1024
1054
1088
1128
1168
1205
1236
1259
1282
1292
1286
1257
1225
1204
1181
1160
1129
1097
1076
1058
1041
1021
1005
990
974
963
957
952
950
945
941
936
939
940
942
939
938
936
940
942
942
939
939
937
941
943
945
947
946
943
944
944
943
944
945
942
942
946
944
944
944
942
942
944
945
946
