[NumeroDePontos = 113]
972
969
969
966
963
965
963
965
965
965
963
964
965
968
970
967
963
963
964
971
974
972
970
971
973
978
977
974
970
967
968
968
971
978
987
1010
1042
1080
1118
1154
1191
1224
1251
1270
1276
1268
1244
1220
1202
1186
1166
1136
1105
1082
1073
1063
1042
1017
998
987
979
970
958
948
942
937
937
934
931
933
928
930
931
931
932
930
931
934
934
937
937
939
934
938
938
940
940
940
935
937
940
942
943
941
936
934
934
934
935
934
934
936
938
941
939
937
932
934
934
936
938
938
936
