[NumeroDePontos = 96]
981
979
976
972
972
973
976
979
979
977
977
977
979
979
979
978
974
978
979
982
983
976
972
971
972
978
993
1012
1036
1065
1096
1134
1173
1208
1240
1268
1279
1279
1263
1235
1211
1189
1165
1131
1097
1076
1062
1053
1040
1027
1012
999
984
969
959
954
956
948
943
939
941
941
942
941
935
937
941
944
945
942
939
940
941
945
943
945
946
943
945
946
947
946
946
946
946
950
951
947
946
945
945
946
944
944
941
944
