[NumeroDePontos = 107]
978
975
971
970
967
964
963
961
964
966
965
965
966
968
968
966
966
964
965
972
975
972
972
970
973
976
979
975
967
966
966
972
982
995
1015
1040
1074
1113
1150
1187
1216
1239
1260
1272
1269
1251
1229
1205
1181
1152
1118
1095
1080
1069
1053
1030
1012
996
987
973
965
955
948
943
938
930
931
931
931
930
929
924
927
931
933
931
929
928
930
934
936
936
934
931
933
933
934
934
933
932
932
933
932
935
931
928
930
930
932
931
930
932
932
935
931
931
929
