[NumeroDePontos = 110]
991
979
968
965
966
966
966
958
961
965
963
966
964
961
959
962
964
970
969
964
965
968
968
969
971
972
969
969
967
968
968
966
970
983
1003
1031
1066
1096
1132
1169
1202
1227
1251
1265
1274
1266
1248
1223
1202
1177
1142
1113
1091
1079
1064
1041
1019
1001
989
978
964
952
942
937
934
929
925
920
921
922
924
925
927
928
925
925
931
934
934
932
928
931
933
934
934
929
925
929
932
936
933
929
928
928
930
928
929
929
927
929
932
933
930
929
930
929
930
933
931
929
