[NumeroDePontos = 110]
989
988
983
972
960
954
953
952
949
948
946
945
950
952
954
949
947
946
948
950
952
953
949
948
951
958
957
957
955
953
954
955
955
951
948
947
953
971
996
1025
1058
1092
1132
1168
1198
1223
1241
1251
1249
1232
1208
1188
1173
1157
1135
1105
1076
1056
1042
1024
1005
988
971
960
945
932
926
924
922
920
919
917
917
916
913
913
911
913
914
917
917
916
918
915
920
919
919
917
915
917
919
923
925
921
920
917
916
919
918
918
917
914
914
918
920
920
919
916
915
918
