[NumeroDePontos = 99]
959
959
960
958
956
956
960
960
962
958
956
957
959
963
962
964
961
962
964
964
966
966
967
965
967
964
962
960
960
968
982
1006
1037
1071
1106
1148
1187
1223
1251
1267
1271
1259
1239
1215
1194
1167
1130
1099
1078
1069
1057
1035
1010
993
979
966
954
947
939
933
930
927
926
923
920
919
922
922
921
924
922
926
928
929
928
926
927
930
930
932
933
929
927
926
927
931
932
930
927
929
931
934
934
931
925
925
929
931
933
