[NumeroDePontos = 104]
954
951
953
951
953
953
952
953
954
957
958
956
954
951
951
955
958
958
960
958
957
958
961
963
963
963
962
960
958
957
954
955
969
994
1032
1067
1104
1139
1180
1218
1248
1263
1269
1255
1236
1214
1200
1187
1169
1138
1102
1072
1058
1048
1030
1008
989
977
966
953
943
933
930
930
929
929
926
923
920
921
923
922
921
920
921
925
926
925
924
925
927
928
927
931
931
930
931
933
930
930
927
927
927
929
932
929
927
925
926
928
931
929
929
924
