[NumeroDePontos = 104]
938
938
940
939
936
931
930
938
936
938
937
936
936
936
938
939
940
940
942
944
947
945
947
945
945
943
942
941
940
947
965
995
1031
1074
1115
1156
1194
1226
1250
1256
1244
1220
1195
1178
1164
1140
1103
1067
1043
1030
1015
992
970
955
945
935
923
914
911
909
908
911
909
906
902
901
904
906
909
911
909
906
909
910
913
914
910
909
911
914
915
916
911
908
907
907
911
912
911
909
907
911
911
913
908
904
907
906
910
910
910
908
908
909
