[NumeroDePontos = 93]
936
937
940
939
941
943
942
938
939
938
941
941
942
939
940
944
948
948
947
946
946
947
946
944
942
941
951
972
1002
1037
1078
1120
1168
1208
1236
1256
1259
1244
1220
1192
1172
1142
1108
1073
1059
1050
1042
1017
990
973
959
947
936
925
917
913
911
909
908
908
903
902
907
909
911
912
911
909
910
913
912
915
911
912
911
913
914
915
912
909
909
909
916
912
911
908
908
911
913
911
907
905
907
