[NumeroDePontos = 99]
980
969
953
944
940
940
940
938
933
933
935
934
935
936
934
936
936
938
937
939
938
938
940
942
944
944
944
944
945
945
943
941
940
940
944
948
962
980
1009
1046
1084
1126
1162
1194
1217
1242
1264
1273
1268
1242
1214
1189
1167
1141
1106
1077
1054
1041
1024
1004
986
969
953
942
931
919
917
912
907
905
901
900
899
895
896
900
902
905
905
901
898
903
904
908
909
907
904
906
907
907
906
906
903
901
904
903
905
906
904
