[NumeroDePontos = 110]
963
959
955
953
954
957
960
957
957
956
956
958
960
959
959
957
958
959
961
963
960
957
958
961
962
964
963
958
957
955
962
967
981
1001
1032
1071
1111
1152
1193
1225
1247
1270
1278
1264
1234
1203
1178
1161
1145
1116
1087
1070
1057
1045
1026
1004
987
970
958
949
942
934
930
924
920
919
924
922
921
918
917
917
922
923
925
924
922
924
927
925
924
923
920
919
920
923
925
925
922
922
926
925
923
921
922
923
925
927
924
922
922
920
924
924
921
920
918
922
924
925
