[NumeroDePontos = 104]
957
957
953
956
957
960
961
959
955
957
962
962
961
962
961
964
963
963
964
961
960
960
961
956
955
953
954
966
989
1020
1051
1090
1133
1178
1215
1248
1268
1276
1266
1250
1225
1200
1178
1148
1115
1091
1079
1065
1048
1026
1003
990
975
960
947
937
933
927
927
927
924
922
919
920
923
926
924
923
923
925
928
930
926
926
921
927
931
929
929
930
931
932
936
933
933
932
932
935
935
935
931
929
929
931
935
931
930
927
928
931
934
933
935
934
