[NumeroDePontos = 96]
961
960
961
960
960
959
963
964
965
962
962
961
964
966
966
965
965
967
968
972
972
971
970
966
966
968
976
992
1018
1056
1102
1148
1186
1223
1248
1266
1284
1280
1261
1233
1204
1175
1146
1113
1088
1071
1050
1029
1011
998
986
974
958
947
941
941
938
931
928
926
926
929
930
928
930
928
929
929
932
933
933
931
933
935
936
935
933
931
933
935
934
935
934
932
932
933
935
936
933
931
929
929
933
931
932
929
