[NumeroDePontos = 96]
969
974
974
973
973
970
971
974
977
976
975
973
971
978
980
980
978
976
977
981
984
984
980
977
971
974
986
1011
1040
1074
1115
1163
1205
1239
1263
1285
1295
1293
1274
1249
1223
1195
1162
1128
1103
1088
1070
1050
1028
1012
1000
992
978
964
956
951
946
943
940
937
935
935
937
938
941
939
939
940
942
942
942
942
942
942
944
945
944
941
939
942
945
947
945
943
942
943
946
946
943
942
939
939
942
943
945
943
