[NumeroDePontos = 99]
942
942
946
947
945
944
946
949
946
949
949
946
946
949
951
951
951
947
950
955
957
955
951
948
948
945
951
954
971
993
1030
1066
1110
1155
1196
1226
1252
1270
1271
1254
1230
1204
1182
1159
1125
1094
1069
1055
1044
1027
1005
987
974
956
942
931
927
923
919
912
911
911
913
912
910
909
910
909
909
914
916
915
914
915
917
918
920
922
920
918
919
920
917
916
917
917
919
921
917
917
920
923
922
917
917
914
916
917
918
