[NumeroDePontos = 104]
963
960
958
958
959
960
961
960
960
960
963
962
963
962
962
962
965
964
966
967
964
966
968
968
965
961
958
959
967
983
1006
1032
1065
1105
1146
1188
1223
1251
1267
1283
1284
1268
1242
1215
1192
1165
1133
1105
1082
1068
1048
1027
1011
996
983
968
952
946
942
940
936
930
922
921
924
926
927
923
921
924
927
931
927
925
923
927
929
931
929
929
925
928
930
932
933
930
929
929
931
932
931
931
928
927
931
932
931
931
930
927
930
929
930
930
