[NumeroDePontos = 96]
945
945
941
939
943
947
952
950
946
946
947
950
953
952
947
950
952
955
956
956
953
955
953
949
943
942
948
966
996
1028
1067
1106
1149
1193
1229
1252
1258
1241
1211
1186
1166
1143
1113
1086
1069
1055
1043
1028
1009
991
977
961
948
939
935
929
922
921
922
924
922
918
918
923
925
927
923
918
918
916
923
927
924
922
923
922
921
926
927
927
926
923
923
925
926
930
931
932
926
925
927
926
924
923
922
924
