[NumeroDePontos = 102]
955
954
956
955
954
954
950
956
958
960
960
958
952
951
953
957
958
959
956
958
961
962
959
955
949
952
957
970
986
1014
1045
1087
1130
1171
1201
1228
1253
1270
1276
1263
1236
1208
1183
1150
1116
1093
1076
1065
1046
1026
1010
993
976
956
941
935
931
928
921
916
911
910
912
914
915
913
914
917
915
916
916
919
915
915
919
921
923
925
921
923
922
922
921
916
914
920
922
924
923
921
921
923
924
925
924
917
919
922
924
925
924
924
