[NumeroDePontos = 102]
964
961
960
964
966
968
969
966
964
967
971
971
973
972
970
969
969
973
974
972
974
977
978
973
971
969
972
996
1026
1060
1087
1120
1148
1190
1229
1263
1278
1273
1255
1227
1206
1183
1155
1120
1087
1068
1056
1042
1023
1005
989
978
971
960
948
942
938
937
934
933
933
931
934
936
936
934
931
932
933
936
935
936
935
938
934
935
938
937
937
938
937
936
934
931
931
933
933
934
935
935
936
934
933
935
934
936
935
936
937
937
940
940
