[NumeroDePontos = 118]
984
985
987
985
984
980
979
982
985
987
983
981
979
982
985
985
988
987
984
988
988
988
986
984
984
991
991
987
980
978
982
994
1014
1040
1069
1102
1141
1181
1219
1249
1273
1287
1290
1277
1253
1228
1207
1191
1172
1144
1115
1095
1081
1068
1047
1031
1016
1004
988
976
965
961
959
957
950
949
950
950
948
947
946
944
944
943
947
950
949
947
947
949
954
954
953
947
942
947
952
952
952
949
945
950
953
954
954
956
952
948
948
945
948
950
948
951
950
949
954
952
950
951
950
948
949
949
949
949
955
955
