[NumeroDePontos = 104]
961
964
965
967
963
961
961
962
965
966
966
964
965
964
968
972
971
966
964
964
969
969
971
972
969
970
967
964
964
969
981
1007
1038
1070
1105
1144
1180
1216
1243
1266
1280
1275
1248
1218
1193
1173
1152
1115
1084
1065
1053
1040
1022
1005
988
981
971
964
950
944
940
939
940
937
936
937
934
933
934
933
931
935
936
939
939
938
935
935
935
938
938
936
933
935
935
938
939
939
934
933
934
937
940
939
938
938
934
936
936
940
939
935
933
935
