[NumeroDePontos = 121]
949
952
953
953
951
949
953
956
954
953
952
952
958
963
960
958
955
954
960
963
964
963
964
963
961
960
955
950
950
951
972
996
1023
1054
1085
1119
1154
1189
1216
1239
1258
1264
1258
1236
1210
1184
1159
1126
1097
1081
1067
1051
1033
1019
1007
996
980
964
946
937
933
934
928
920
914
915
919
922
918
915
914
912
920
923
925
923
921
921
923
925
928
927
925
920
921
925
926
924
922
923
924
926
925
927
927
925
927
926
926
919
918
922
926
927
926
921
920
918
923
928
927
928
927
928
931
934
934
935
936
938
941
