[NumeroDePontos = 126]
955
957
956
956
956
959
959
960
959
959
960
963
962
964
962
961
966
967
967
968
965
961
962
963
962
962
971
984
1016
1051
1089
1126
1164
1200
1231
1257
1270
1274
1260
1230
1210
1187
1160
1128
1099
1081
1072
1062
1044
1027
1007
995
985
975
959
946
938
932
936
933
928
925
922
920
923
925
929
930
927
928
929
933
933
931
929
931
933
936
933
927
925
926
932
936
937
935
933
930
927
928
927
928
928
931
934
932
931
930
931
933
933
936
934
931
931
931
934
937
939
935
935
935
939
942
946
947
948
947
948
952
960
963
965
964
967
969
