[NumeroDePontos = 93]
995
990
978
960
951
955
964
969
961
957
957
961
964
966
966
977
985
981
964
946
947
960
964
963
963
967
975
976
972
972
967
963
959
962
965
979
1000
1032
1069
1106
1142
1182
1216
1239
1256
1267
1264
1248
1226
1199
1183
1164
1144
1118
1094
1069
1042
1023
1015
1004
986
971
961
956
949
931
911
909
916
924
930
929
927
927
927
928
925
924
921
926
929
929
930
934
938
940
938
938
935
931
926
927
928
