[NumeroDePontos = 110]
966
967
968
969
970
965
965
964
966
970
969
967
965
964
964
966
968
968
965
969
971
972
971
968
967
969
974
976
974
971
973
987
1008
1040
1074
1111
1149
1187
1222
1253
1275
1293
1300
1287
1262
1237
1219
1202
1180
1151
1123
1106
1090
1073
1047
1027
1012
1001
986
972
960
958
956
952
949
944
939
942
943
944
942
943
942
942
944
947
945
943
945
948
948
949
946
946
946
949
951
953
949
943
942
942
944
944
941
941
938
938
939
944
943
942
939
943
942
944
942
942
938
939
