[NumeroDePontos = 91]
1006
1019
1012
996
985
990
999
1009
1005
998
988
982
982
990
1002
1005
1003
992
985
983
989
997
1007
1014
1031
1054
1084
1127
1164
1206
1233
1252
1273
1282
1267
1227
1192
1175
1165
1148
1117
1085
1061
1053
1050
1045
1038
1025
1007
992
972
955
939
935
937
944
944
943
943
944
949
954
951
944
944
944
952
958
957
953
946
944
944
948
955
962
965
956
944
933
928
930
933
938
947
951
952
943
936
936
943
