[NumeroDePontos = 113]
954
956
950
950
953
956
956
955
953
951
953
954
956
957
956
954
956
958
960
957
958
956
958
962
961
959
954
954
954
958
972
986
1010
1036
1072
1109
1152
1188
1219
1243
1263
1273
1271
1248
1220
1195
1172
1147
1118
1090
1070
1052
1040
1023
1007
993
980
969
956
946
935
927
925
919
916
915
914
914
912
912
910
913
915
916
916
916
916
916
918
918
916
917
917
917
921
920
920
916
916
918
921
920
921
918
919
921
923
921
919
918
919
920
922
919
916
915
915
918
920
923
920
921
923
