[NumeroDePontos = 107]
950
952
951
952
950
951
945
948
949
951
952
954
951
956
956
956
956
956
954
955
957
958
958
960
958
959
955
956
954
955
957
971
991
1017
1048
1083
1121
1164
1201
1233
1258
1272
1275
1264
1242
1218
1194
1170
1139
1110
1088
1076
1066
1047
1026
1012
999
986
972
960
945
939
936
935
932
927
922
922
923
924
922
922
920
922
925
926
925
924
923
926
929
930
932
930
930
928
925
931
930
930
927
928
930
931
931
927
926
926
929
930
929
926
925
927
929
930
930
