[NumeroDePontos = 104]
953
951
953
955
957
955
953
954
952
954
955
954
955
953
956
958
959
961
960
957
961
961
962
962
960
957
956
952
954
959
968
987
1016
1053
1093
1136
1174
1207
1237
1264
1283
1283
1272
1251
1230
1212
1193
1162
1127
1098
1079
1068
1053
1033
1013
995
983
972
959
947
940
933
929
926
925
922
916
914
915
916
916
917
915
917
919
921
924
922
923
919
924
925
927
927
925
924
926
928
928
927
925
923
924
925
927
926
922
922
925
930
927
927
927
925
