[NumeroDePontos = 99]
959
960
956
956
955
956
958
961
960
960
958
956
958
959
961
960
956
958
962
967
965
962
957
955
956
958
967
981
1008
1042
1084
1125
1168
1205
1236
1262
1270
1262
1241
1214
1191
1174
1150
1118
1081
1058
1041
1023
1001
988
972
958
943
935
927
923
919
917
915
912
914
913
912
909
908
912
915
919
919
917
917
915
919
919
918
916
914
918
921
923
921
921
919
919
921
923
923
921
920
921
922
924
923
922
919
921
922
923
922
