[NumeroDePontos = 102]
965
961
961
959
960
959
957
955
956
959
959
960
958
958
960
962
966
964
963
962
961
963
964
965
962
958
960
961
961
956
954
955
974
1002
1034
1063
1096
1129
1163
1194
1224
1246
1264
1274
1271
1257
1236
1215
1190
1158
1123
1096
1079
1064
1048
1026
1011
997
987
975
960
949
940
939
933
929
922
918
917
921
922
923
923
920
922
925
927
925
926
926
928
928
928
927
925
926
928
927
931
935
931
927
929
932
933
931
929
926
929
930
932
935
