[NumeroDePontos = 115]
970
970
966
964
961
960
963
965
966
967
963
963
966
970
970
969
970
969
971
973
973
971
969
970
974
974
972
972
970
967
969
971
982
999
1021
1050
1085
1119
1152
1186
1218
1248
1274
1289
1285
1269
1246
1226
1206
1180
1145
1112
1087
1075
1067
1054
1035
1016
999
989
977
966
955
944
936
935
933
932
930
929
924
925
927
931
933
932
930
929
931
933
935
932
931
930
932
936
938
937
935
935
936
934
935
932
931
934
933
935
935
935
934
931
936
934
937
934
934
935
936
939
940
935
931
932
933
