[NumeroDePontos = 93]
964
962
962
962
963
964
964
966
962
966
966
968
967
966
967
967
971
973
972
969
968
971
973
972
968
964
966
974
990
1017
1049
1083
1117
1159
1201
1233
1254
1273
1284
1285
1269
1248
1222
1195
1165
1127
1101
1085
1070
1049
1028
1010
996
987
974
962
950
944
942
939
934
925
928
925
926
929
927
924
926
927
930
932
933
929
930
930
932
934
929
929
930
930
933
936
937
935
934
933
933
937
935
934
931
