[NumeroDePontos = 93]
965
962
962
960
962
964
964
964
964
965
968
971
970
971
971
970
971
972
971
967
964
972
988
1012
1043
1076
1111
1152
1194
1228
1254
1270
1281
1285
1272
1250
1222
1196
1172
1146
1117
1093
1076
1057
1040
1019
1007
997
985
974
960
947
941
941
937
933
930
928
926
926
925
925
927
928
930
931
933
932
930
932
935
937
937
934
934
932
936
936
935
934
936
934
935
936
935
935
934
929
929
933
934
935
933
