[NumeroDePontos = 121]
966
953
947
949
951
952
949
951
946
945
944
944
946
946
947
949
952
954
950
947
945
946
950
953
954
953
955
957
958
955
954
952
949
949
957
967
982
1006
1030
1061
1095
1128
1160
1186
1212
1235
1255
1263
1259
1239
1215
1188
1166
1138
1102
1074
1057
1046
1032
1011
989
974
961
952
945
940
932
926
919
913
913
915
912
914
911
909
908
910
915
917
917
919
921
925
921
918
913
915
915
916
916
914
916
919
922
923
922
921
923
924
923
919
916
914
915
916
918
922
921
920
920
920
919
916
916
920
921
922
922
922
923
