[NumeroDePontos = 102]
951
955
957
954
954
956
958
958
956
955
954
954
957
959
960
959
956
960
963
965
963
959
955
949
953
958
971
989
1010
1037
1066
1102
1136
1172
1206
1240
1262
1278
1273
1256
1231
1211
1193
1167
1135
1102
1077
1066
1055
1037
1019
1008
994
981
969
956
944
937
935
927
924
922
921
919
919
918
918
922
922
922
918
922
924
926
927
925
923
923
925
928
928
927
924
925
928
931
930
927
928
927
927
928
925
927
924
927
929
930
926
925
925
924
