[NumeroDePontos = 107]
961
950
945
945
945
945
943
946
946
948
949
948
948
948
947
950
950
951
951
949
952
954
955
956
956
951
952
953
953
951
949
958
978
1007
1035
1064
1088
1116
1151
1183
1214
1242
1254
1250
1230
1205
1183
1162
1137
1106
1078
1060
1048
1031
1011
993
980
969
960
953
942
931
930
925
924
921
918
913
915
913
917
917
917
913
919
920
921
922
920
918
920
923
924
924
923
920
921
922
924
924
922
923
923
924
924
923
922
917
919
920
924
922
919
917
921
923
924
