[NumeroDePontos = 113]
997
990
984
978
968
960
958
957
958
958
956
955
957
958
959
960
956
959
958
960
962
962
958
960
963
964
968
965
963
963
961
959
960
961
969
987
1017
1055
1093
1127
1158
1187
1216
1241
1263
1272
1266
1249
1222
1199
1172
1139
1105
1078
1067
1051
1036
1015
1000
986
974
966
959
945
936
933
925
923
917
920
919
920
919
920
921
921
922
920
920
921
921
923
924
923
925
928
926
926
923
921
922
926
927
928
925
924
921
922
925
925
924
922
922
922
925
924
921
921
922
924
925
923
925
