[NumeroDePontos = 99]
964
961
958
960
964
964
963
963
962
962
966
967
968
965
964
965
968
970
970
969
968
969
972
972
969
965
962
967
976
993
1016
1045
1081
1120
1160
1197
1227
1250
1269
1286
1288
1271
1247
1224
1202
1181
1151
1116
1095
1082
1068
1054
1033
1012
994
982
967
958
951
943
934
929
925
926
926
928
927
924
923
923
926
929
928
927
926
930
932
934
931
931
928
930
931
932
931
932
931
933
935
933
932
932
929
931
934
932
931
929
927
