[NumeroDePontos = 102]
975
964
959
954
954
956
956
954
952
950
953
956
957
955
957
954
954
956
956
957
957
954
956
959
962
965
959
959
962
960
961
961
958
957
960
969
981
1004
1026
1057
1092
1129
1165
1196
1220
1240
1260
1265
1255
1229
1200
1178
1161
1143
1120
1090
1068
1057
1042
1027
1008
989
974
962
952
941
931
926
923
920
919
917
918
918
919
914
914
913
918
919
918
918
919
919
920
919
918
920
923
922
923
923
920
919
920
923
923
923
920
919
917
918
