[NumeroDePontos = 102]
958
955
957
955
959
960
959
959
958
956
960
961
959
960
959
962
964
965
967
965
964
963
967
964
964
960
960
961
971
990
1015
1045
1081
1121
1166
1207
1236
1262
1280
1286
1276
1255
1232
1205
1179
1149
1115
1094
1080
1065
1044
1020
1005
993
982
969
955
945
938
935
930
926
923
922
925
925
924
922
919
922
924
929
929
927
923
925
927
930
931
931
927
923
926
930
931
932
932
929
928
932
930
928
926
925
928
930
927
927
927
927
930
933
