[NumeroDePontos = 96]
961
959
958
958
960
964
965
963
959
961
961
961
964
961
962
964
968
969
967
963
961
958
960
963
971
985
1013
1044
1085
1124
1165
1197
1223
1240
1260
1276
1282
1272
1250
1222
1197
1176
1142
1110
1082
1067
1053
1040
1018
1003
989
976
965
956
946
939
934
930
924
922
921
918
917
917
918
922
922
920
917
920
922
924
925
923
921
923
923
927
928
927
921
921
925
923
925
926
923
923
922
924
925
921
921
923
924
924
