[NumeroDePontos = 107]
960
960
957
954
954
955
957
957
957
956
957
958
960
959
958
958
958
961
964
964
964
961
963
966
969
968
967
965
959
957
960
971
986
1011
1046
1089
1135
1178
1211
1238
1261
1279
1284
1272
1250
1228
1207
1187
1158
1124
1094
1074
1060
1046
1025
1007
990
977
966
956
950
943
938
930
926
923
921
922
919
921
917
922
925
924
923
921
920
921
926
928
926
924
926
924
928
928
929
927
924
927
928
929
926
922
924
926
929
927
927
925
925
928
931
928
927
925
924
