[NumeroDePontos = 96]
959
959
958
956
959
963
964
962
963
961
962
965
969
971
971
969
966
966
965
965
962
966
974
995
1027
1072
1113
1155
1196
1231
1261
1275
1272
1235
1177
1129
1108
1101
1082
1056
1034
1026
1018
1010
995
982
973
969
958
949
938
931
930
927
931
932
931
928
926
926
929
932
932
931
931
928
931
936
937
937
936
933
935
939
939
938
938
939
940
941
939
939
937
939
942
943
943
942
939
937
941
944
941
938
936
940
