[NumeroDePontos = 107]
955
953
953
954
955
955
956
959
960
959
959
959
959
962
964
962
960
959
960
963
964
967
965
964
964
965
962
960
959
959
965
983
1009
1038
1073
1111
1151
1193
1226
1249
1268
1279
1277
1266
1248
1229
1212
1188
1160
1130
1101
1080
1066
1044
1026
1008
998
983
972
957
948
941
940
933
929
924
923
922
921
920
918
916
918
922
925
923
923
921
922
926
926
929
927
926
925
927
927
930
929
928
928
930
932
931
930
929
930
930
929
929
928
927
928
927
931
931
929
