[NumeroDePontos = 96]
955
953
953
953
951
951
953
953
953
952
951
953
953
951
951
953
956
958
959
959
957
955
957
960
961
959
959
960
970
991
1023
1065
1105
1146
1193
1229
1255
1268
1268
1243
1194
1145
1118
1108
1102
1081
1052
1030
1012
998
988
973
957
951
943
932
926
922
922
922
919
921
922
923
925
925
928
929
927
928
926
929
929
929
928
927
929
929
935
935
934
929
927
929
933
933
933
933
930
931
934
937
935
935
938
937
