[NumeroDePontos = 104]
953
953
952
950
954
957
959
960
958
955
951
956
956
956
957
956
955
961
963
962
964
960
959
958
957
957
955
961
971
994
1025
1057
1091
1129
1170
1212
1240
1263
1274
1273
1259
1241
1222
1202
1178
1148
1113
1086
1072
1061
1041
1021
1001
988
978
967
955
944
939
934
930
927
925
921
920
923
921
920
919
920
920
926
928
928
927
927
928
930
932
932
929
927
927
928
931
930
931
929
928
931
934
933
933
929
929
930
930
931
930
927
930
932
931
931
