[NumeroDePontos = 99]
955
947
939
934
931
932
931
930
930
928
926
929
931
932
929
929
927
926
929
933
934
931
928
927
933
936
935
934
938
938
940
938
938
939
941
945
965
995
1031
1071
1110
1153
1191
1217
1231
1237
1231
1208
1163
1113
1082
1070
1055
1030
1004
987
977
967
953
941
932
928
919
913
910
908
912
911
906
906
903
903
906
906
907
907
908
909
912
913
913
912
909
909
910
913
910
911
908
911
914
918
917
915
912
910
912
915
916
