[NumeroDePontos = 99]
962
967
963
963
962
963
965
965
964
963
961
961
961
964
964
966
966
970
970
968
971
968
967
970
974
980
994
1013
1038
1070
1101
1131
1168
1204
1235
1251
1259
1245
1205
1148
1100
1084
1077
1062
1035
1015
1006
1000
991
979
965
959
953
949
943
937
930
928
926
927
928
929
930
928
928
931
934
937
933
931
929
931
930
932
931
931
936
938
941
940
936
936
936
938
937
938
936
937
936
941
943
941
938
934
931
934
938
941
942
