[NumeroDePontos = 102]
938
940
936
936
936
939
942
940
944
945
948
948
947
941
940
941
944
946
946
947
946
948
952
953
950
946
949
954
964
979
1007
1043
1086
1133
1176
1212
1235
1244
1238
1214
1165
1114
1090
1081
1069
1046
1021
1000
991
982
967
956
951
943
932
922
913
913
916
917
916
914
913
913
916
916
916
914
914
916
918
919
920
917
916
923
923
926
927
923
921
922
926
927
926
925
924
925
924
924
924
925
926
927
926
924
923
922
924
927
928
927
