[NumeroDePontos = 113]
964
962
959
961
963
961
962
962
962
959
960
963
964
966
965
962
965
965
966
966
964
964
967
973
973
970
970
968
969
973
980
994
1017
1053
1094
1135
1172
1212
1238
1252
1252
1234
1186
1127
1094
1081
1079
1068
1039
1015
1000
990
979
969
958
950
946
941
937
937
937
936
935
932
935
936
937
932
929
931
938
943
943
942
938
937
941
944
944
944
940
941
945
945
945
945
941
937
938
943
945
944
942
940
942
944
943
944
944
942
943
947
948
949
947
947
947
948
950
954
953
953
955
