[NumeroDePontos = 113]
999
992
983
972
965
963
964
961
962
958
955
958
962
960
960
958
957
957
962
964
963
961
958
955
960
960
962
966
962
964
967
964
962
959
960
968
981
1002
1031
1060
1094
1128
1163
1194
1222
1243
1259
1267
1257
1233
1203
1179
1157
1126
1091
1065
1046
1030
1011
992
980
969
957
947
940
937
938
934
928
927
926
929
932
928
927
925
929
933
936
934
931
929
928
934
940
940
936
933
929
933
935
937
936
933
933
930
931
931
932
932
932
936
936
933
932
931
931
935
938
937
937
937
935
