[NumeroDePontos = 110]
979
972
965
957
955
952
949
951
956
952
954
953
957
958
961
958
950
948
950
954
959
961
958
958
962
963
965
964
961
960
959
959
966
974
984
998
1015
1041
1072
1104
1139
1170
1198
1218
1235
1236
1223
1205
1187
1166
1146
1117
1090
1072
1059
1047
1031
1017
1001
988
975
965
959
947
937
930
927
925
925
925
925
923
922
923
925
924
922
922
920
926
927
926
925
925
924
926
928
925
927
924
922
926
927
926
925
926
923
926
926
924
923
922
922
922
924
924
924
924
925
927
