[NumeroDePontos = 115]
904
906
903
903
900
897
901
904
908
907
907
903
905
904
901
899
900
897
901
905
906
905
904
898
902
905
912
917
931
960
996
1036
1072
1102
1135
1162
1183
1196
1196
1165
1112
1062
1035
1025
1013
988
959
941
935
925
912
901
893
885
878
872
870
864
860
857
863
864
866
863
861
861
863
867
867
867
868
868
870
874
875
873
870
869
871
873
875
873
872
870
872
874
876
875
872
872
873
877
879
876
871
868
869
871
871
871
871
870
871
877
881
876
872
871
875
878
878
877
874
878
884
