[NumeroDePontos = 93]
972
976
976
974
974
975
975
978
979
980
978
977
977
982
985
985
986
982
981
982
988
989
990
988
995
1010
1038
1075
1113
1153
1191
1230
1262
1278
1288
1282
1261
1228
1204
1183
1151
1113
1076
1051
1038
1020
1004
989
981
975
970
961
954
949
949
948
947
943
944
941
940
942
945
948
949
949
950
952
953
949
949
948
949
949
952
950
949
947
948
950
952
950
947
947
949
951
954
949
947
944
942
948
949
