[NumeroDePontos = 99]
939
939
940
940
942
945
945
941
941
943
942
946
942
943
941
941
942
947
950
949
948
947
946
949
948
946
950
957
972
994
1021
1048
1080
1116
1155
1191
1216
1230
1234
1216
1189
1163
1142
1124
1095
1059
1029
1015
1006
992
970
953
945
937
928
921
915
912
911
912
907
905
902
904
905
906
908
909
908
911
912
914
910
908
906
903
910
910
912
910
907
906
908
911
910
910
909
904
909
911
909
910
909
908
909
909
909
910
906
