[NumeroDePontos = 96]
957
957
960
961
961
960
960
962
962
963
963
962
962
966
967
967
968
964
968
968
973
972
971
969
968
969
974
989
1008
1036
1069
1109
1151
1190
1226
1246
1260
1265
1254
1228
1196
1172
1155
1138
1110
1074
1044
1028
1016
1003
987
974
966
959
951
945
941
936
938
934
933
933
935
933
932
929
930
933
938
939
937
936
936
938
940
941
938
935
932
935
938
939
938
937
934
935
936
934
937
936
935
936
936
936
937
934
