[NumeroDePontos = 129]
1009
999
988
984
981
984
983
980
977
976
980
983
982
980
980
980
982
986
986
985
983
982
987
989
988
989
987
986
991
993
990
988
983
984
986
992
1002
1019
1042
1076
1115
1150
1186
1219
1246
1267
1287
1293
1283
1258
1226
1202
1183
1164
1133
1101
1079
1068
1057
1042
1022
1007
995
986
979
972
972
966
964
963
962
960
958
957
957
959
960
960
961
959
961
961
963
965
965
960
958
961
960
962
963
962
962
961
962
963
964
962
959
960
957
959
959
962
960
960
961
961
959
957
956
954
956
958
958
957
955
957
963
964
963
965
963
965
970
974
972
977
978
