[NumeroDePontos = 96]
965
963
963
962
961
961
959
963
964
964
963
964
963
966
970
965
965
963
963
963
970
973
971
968
970
971
973
977
980
982
991
1006
1030
1060
1089
1123
1159
1200
1236
1257
1268
1265
1244
1199
1140
1096
1078
1069
1054
1029
1004
992
984
975
962
954
951
947
941
933
927
928
932
934
933
930
931
936
941
938
940
939
937
940
943
944
946
940
942
942
946
945
945
944
942
942
947
947
944
942
942
944
946
947
947
946
