[NumeroDePontos = 118]
977
977
973
975
972
973
973
974
975
977
978
978
974
974
976
975
980
981
982
980
975
979
984
984
986
981
979
978
980
977
985
995
1016
1047
1077
1107
1139
1173
1210
1245
1268
1288
1292
1282
1253
1225
1206
1183
1153
1121
1098
1084
1075
1056
1036
1018
1002
993
985
976
963
951
947
947
945
942
939
935
938
937
939
941
941
941
941
945
948
947
945
942
943
945
944
942
943
941
940
944
949
946
945
943
942
943
946
946
945
944
939
942
942
940
942
940
939
942
944
947
945
945
945
943
949
947
949
946
948
948
