[NumeroDePontos = 99]
950
947
948
949
951
952
954
952
951
950
952
954
953
953
951
953
955
960
961
958
957
958
961
964
964
958
956
957
963
977
999
1025
1052
1081
1118
1161
1202
1230
1246
1251
1239
1214
1188
1167
1142
1114
1084
1064
1050
1038
1023
1002
990
981
970
956
944
934
932
931
927
924
922
920
924
927
925
928
927
924
925
932
931
927
927
927
930
933
932
931
928
929
933
935
933
930
928
926
927
933
931
930
926
928
932
932
935
932
932
