[NumeroDePontos = 96]
967
967
969
970
971
970
967
968
972
974
973
975
972
972
974
978
977
975
975
975
976
978
978
984
994
1009
1036
1066
1102
1139
1173
1206
1238
1261
1275
1277
1259
1230
1205
1185
1163
1138
1106
1075
1056
1052
1041
1023
1005
989
977
969
964
953
948
944
941
938
936
934
935
937
936
939
939
938
937
937
937
942
939
940
939
937
940
943
945
941
940
938
941
943
945
941
941
939
941
939
940
939
938
936
938
938
939
938
