[NumeroDePontos = 118]
972
966
964
965
964
958
957
961
963
963
960
957
958
960
963
963
963
961
962
964
966
969
967
965
964
968
969
970
969
969
971
974
972
969
972
978
989
1009
1036
1064
1093
1125
1157
1195
1225
1244
1253
1258
1247
1225
1201
1178
1167
1150
1128
1101
1073
1055
1042
1030
1014
1000
987
982
969
960
953
948
946
944
937
930
929
930
932
932
934
929
930
933
934
937
935
935
937
936
938
936
934
933
936
937
939
938
935
933
935
935
939
937
937
934
934
935
935
935
932
930
931
933
931
930
929
927
930
935
937
937
