[NumeroDePontos = 96]
974
965
955
949
945
944
948
952
956
956
957
959
963
962
960
956
959
963
963
958
959
957
959
957
960
965
966
966
961
958
956
956
957
960
964
971
981
999
1029
1057
1096
1132
1176
1214
1238
1246
1251
1243
1217
1177
1144
1127
1111
1090
1059
1032
1021
1018
1007
984
966
949
946
944
938
929
924
926
931
936
932
926
921
922
926
929
930
931
936
938
939
936
936
937
942
943
937
933
932
931
938
947
952
954
951
949
