[NumeroDePontos = 99]
951
950
949
949
949
951
953
952
950
950
951
958
958
955
954
954
959
962
961
959
958
957
964
981
1005
1033
1063
1091
1129
1166
1201
1231
1253
1269
1270
1248
1195
1139
1103
1090
1081
1064
1035
1013
1001
997
992
981
969
957
950
946
941
934
930
925
923
924
922
921
923
924
924
922
926
926
927
925
924
926
928
932
932
932
930
930
929
933
932
935
934
933
935
935
934
934
932
935
938
939
941
938
936
936
938
942
939
936
932
