[NumeroDePontos = 82]
1040
1031
1030
1031
1037
1035
1031
1028
1028
1032
1039
1046
1046
1044
1041
1042
1048
1051
1046
1043
1043
1042
1045
1047
1048
1051
1057
1056
1055
1058
1058
1062
1068
1082
1110
1138
1164
1188
1216
1253
1290
1314
1324
1324
1300
1248
1197
1165
1153
1145
1126
1099
1082
1074
1063
1052
1043
1039
1037
1032
1023
1012
1008
1005
1011
1015
1015
1013
1012
1017
1021
1027
1024
1026
1022
1025
1028
1037
1039
1041
1042
1044
