[NumeroDePontos = 102]
986
980
973
966
963
962
965
965
968
965
966
967
969
968
967
965
968
970
970
969
969
971
973
973
975
971
972
972
975
976
977
977
979
988
1006
1035
1065
1098
1132
1162
1197
1227
1258
1274
1279
1267
1225
1171
1126
1106
1097
1081
1054
1027
1011
1006
996
984
972
967
966
961
956
946
943
941
936
933
931
931
936
941
943
941
940
942
944
945
946
947
947
944
947
947
948
949
945
943
946
949
954
952
952
950
951
953
956
952
952
949
953
955
