[NumeroDePontos = 91]
1008
1002
994
984
974
968
965
959
959
960
961
958
955
952
951
953
955
952
946
944
942
947
950
950
952
959
967
977
983
985
986
983
983
983
988
995
1006
1026
1059
1102
1150
1200
1248
1280
1298
1303
1285
1238
1177
1135
1124
1127
1121
1099
1070
1048
1035
1028
1018
1008
997
989
981
976
972
969
964
958
959
961
966
965
962
959
958
962
964
966
965
960
960
960
962
961
959
958
958
960
958
958
956
