[NumeroDePontos = 113]
964
962
961
959
959
957
960
963
964
962
961
960
962
966
967
963
960
961
965
967
966
965
966
966
967
971
971
972
969
967
966
969
970
981
999
1025
1063
1100
1140
1177
1215
1241
1259
1266
1252
1222
1190
1169
1161
1149
1131
1108
1082
1062
1050
1037
1018
1000
985
975
967
957
949
944
940
934
933
935
935
934
933
932
933
934
932
930
933
931
933
933
935
934
933
933
934
940
939
938
935
933
936
938
941
940
937
938
938
937
935
937
936
936
937
939
940
939
938
936
936
938
939
942
938
