[NumeroDePontos = 126]
1004
1006
1004
996
984
969
963
959
957
956
955
954
958
956
955
954
951
954
955
959
961
961
962
962
965
966
968
967
966
965
965
966
964
964
961
961
966
980
1004
1034
1066
1102
1144
1179
1210
1236
1255
1272
1285
1283
1261
1229
1197
1172
1145
1110
1073
1052
1038
1027
1012
999
988
975
961
953
944
941
939
936
930
926
925
924
925
924
920
920
922
923
922
924
924
927
932
930
926
923
925
925
930
932
932
928
925
926
926
932
931
930
927
925
928
927
931
930
931
929
930
931
933
933
934
933
934
933
933
933
931
932
934
935
938
938
938
939
