[NumeroDePontos = 93]
954
954
952
954
958
959
958
956
954
958
960
957
955
955
953
958
961
962
960
961
961
966
968
966
962
963
968
977
991
1010
1033
1061
1092
1127
1163
1198
1227
1242
1247
1241
1209
1155
1105
1077
1068
1058
1037
1009
989
981
981
980
973
961
953
941
937
935
932
929
925
923
922
921
925
928
932
931
931
928
929
932
933
932
932
934
936
934
935
933
935
935
938
937
937
932
935
939
940
942
941
937
938
