[NumeroDePontos = 99]
936
939
941
942
940
938
940
940
942
943
944
944
945
946
945
945
946
944
945
944
949
953
958
966
984
1019
1057
1092
1125
1157
1190
1219
1237
1248
1234
1202
1155
1125
1109
1092
1062
1030
1010
999
988
975
959
952
945
941
936
927
921
914
913
913
909
908
908
908
907
910
913
911
910
909
906
911
917
917
916
915
912
912
913
914
916
916
916
918
918
920
920
919
916
919
921
923
923
922
919
920
920
919
922
917
918
918
920
