[NumeroDePontos = 107]
959
961
958
956
955
958
960
960
957
959
959
961
960
964
961
959
959
961
964
962
963
961
964
964
965
963
962
960
968
978
997
1023
1048
1078
1111
1147
1187
1218
1241
1250
1249
1222
1173
1114
1084
1069
1059
1036
1005
984
976
973
961
952
946
942
935
930
929
928
929
929
927
926
929
931
935
935
934
933
935
938
937
938
938
938
935
940
936
935
935
934
938
939
940
938
934
936
936
939
939
940
938
939
941
942
944
943
941
939
939
943
942
944
944
942
944
