[NumeroDePontos = 93]
945
946
948
946
950
953
957
955
948
945
943
948
952
953
952
950
949
951
952
953
956
960
962
963
962
963
968
972
988
1011
1042
1087
1131
1174
1215
1243
1256
1248
1212
1153
1103
1078
1068
1049
1013
982
974
973
969
956
945
931
923
918
919
920
921
920
919
923
926
928
930
930
925
922
923
930
931
930
927
926
928
929
930
931
925
925
927
934
938
937
936
934
936
936
934
935
934
938
941
938
935
