[NumeroDePontos = 93]
956
947
940
937
935
933
934
936
935
936
934
934
935
938
938
937
935
935
937
941
943
942
943
942
942
947
947
949
949
950
953
960
965
979
998
1027
1066
1109
1149
1184
1217
1240
1250
1242
1207
1142
1082
1055
1051
1047
1026
994
973
959
959
954
942
931
921
916
915
912
907
903
903
901
901
903
908
908
905
902
903
904
908
908
906
905
910
911
910
907
906
907
911
914
913
912
910
912
912
915
914
