[NumeroDePontos = 110]
962
954
956
963
956
952
944
938
939
945
947
946
940
934
932
933
940
940
941
939
931
925
924
926
928
925
924
923
927
931
933
934
934
936
940
942
939
934
930
932
945
956
970
997
1028
1066
1111
1151
1188
1217
1235
1243
1231
1197
1133
1075
1053
1046
1026
992
955
940
936
934
926
926
929
931
916
893
878
877
889
896
895
882
873
871
877
877
876
874
875
876
876
872
870
868
868
868
871
871
873
872
871
870
872
870
874
878
882
881
877
871
869
877
882
889
893
893
