[NumeroDePontos = 96]
946
946
946
948
951
949
950
948
948
948
950
952
953
952
950
951
951
951
954
949
952
956
960
961
958
958
961
971
985
1006
1035
1069
1106
1145
1182
1216
1240
1253
1254
1243
1203
1139
1083
1060
1060
1056
1040
1011
988
975
973
969
963
955
948
941
938
935
933
931
931
932
930
936
941
943
943
936
934
934
935
936
936
938
940
941
944
944
943
945
946
944
947
947
942
944
941
943
946
946
941
936
935
939
940
938
