[NumeroDePontos = 104]
953
951
949
955
958
960
959
954
951
953
957
960
962
960
960
957
958
955
955
957
968
992
1019
1054
1082
1115
1150
1186
1220
1244
1261
1267
1253
1228
1202
1178
1155
1126
1092
1064
1052
1043
1027
1007
988
977
965
957
944
935
931
930
928
924
921
920
916
918
922
920
919
917
920
922
925
925
924
922
921
921
925
926
924
923
921
924
929
930
925
926
922
926
928
926
927
927
926
926
926
926
923
923
920
922
924
927
927
926
926
926
930
927
930
932
