[NumeroDePontos = 99]
993
982
969
962
962
961
962
961
958
960
963
963
964
961
958
961
966
968
968
967
965
966
964
966
963
961
961
970
988
1013
1041
1072
1105
1148
1193
1231
1257
1278
1277
1258
1228
1196
1168
1136
1102
1079
1070
1057
1038
1016
997
985
973
961
948
937
934
934
933
931
924
921
920
923
924
923
926
929
928
930
931
929
930
930
928
931
932
935
932
931
932
933
934
937
936
937
933
932
935
936
937
937
936
939
940
940
940
939
940
