[NumeroDePontos = 104]
988
980
964
958
950
950
949
951
953
953
952
951
954
954
954
952
952
949
952
955
956
954
951
955
960
962
961
960
956
957
957
956
955
958
966
984
1008
1038
1072
1111
1153
1191
1224
1253
1272
1278
1261
1237
1212
1190
1164
1132
1099
1075
1063
1054
1039
1019
1000
987
979
969
957
943
933
928
926
924
921
916
915
918
919
918
918
919
918
919
921
923
923
920
922
923
924
926
925
924
923
925
927
927
929
924
923
926
927
927
926
922
922
921
923
925
