[NumeroDePontos = 113]
957
957
959
956
954
953
955
956
957
954
954
957
959
960
958
960
962
961
964
966
968
969
967
965
965
963
963
959
960
961
971
989
1018
1050
1080
1115
1160
1201
1231
1257
1272
1277
1265
1242
1216
1194
1170
1146
1118
1091
1072
1053
1034
1013
996
980
967
953
939
932
931
932
927
920
916
918
918
920
921
921
923
921
920
921
924
925
924
926
925
926
927
925
924
922
924
926
925
924
923
923
925
927
926
925
924
920
921
923
925
927
925
924
925
927
930
927
924
923
927
930
931
929
930
