[NumeroDePontos = 118]
950
951
952
954
952
953
954
954
955
955
953
953
955
956
958
957
956
955
957
958
959
958
956
960
961
959
955
953
955
967
988
1017
1047
1084
1119
1162
1200
1230
1250
1265
1271
1262
1238
1213
1189
1168
1142
1113
1083
1063
1051
1038
1017
1000
982
971
959
944
931
927
925
920
915
910
908
909
911
911
909
905
909
909
909
912
910
910
911
913
917
917
916
914
915
915
918
915
917
916
916
919
920
920
919
922
920
921
924
923
922
921
921
922
926
925
924
924
919
922
924
929
926
926
925
925
931
935
936
936
