[NumeroDePontos = 132]
984
983
987
990
984
976
976
978
982
982
978
972
966
965
967
968
962
960
955
958
960
956
952
947
947
950
951
951
952
950
946
948
955
961
966
969
978
994
1013
1031
1051
1074
1102
1139
1168
1189
1211
1235
1270
1308
1345
1375
1391
1391
1360
1305
1245
1190
1140
1087
1035
993
960
935
915
903
896
892
891
894
895
894
894
896
897
899
897
892
895
894
895
886
878
870
866
866
867
869
871
875
876
877
875
875
876
876
876
882
890
894
897
899
899
899
901
899
896
891
892
895
897
897
896
895
897
898
897
897
895
894
894
897
898
898
896
896
896
898
901
899
901
901
