[NumeroDePontos = 104]
1007
1007
1008
1004
998
990
980
973
965
963
964
962
960
962
963
961
960
959
961
962
967
965
963
962
958
962
965
967
964
965
965
969
970
971
965
961
960
965
978
995
1020
1052
1083
1123
1168
1208
1242
1265
1275
1270
1249
1219
1191
1167
1141
1108
1080
1060
1046
1028
1008
991
982
970
956
947
938
937
936
930
928
925
925
927
931
930
927
926
925
931
933
933
932
932
931
931
933
935
933
932
933
933
936
935
932
933
932
934
936
935
934
934
934
934
