[NumeroDePontos = 104]
959
954
956
957
955
953
949
951
954
957
957
956
952
954
955
957
958
957
955
956
958
960
959
959
958
958
961
961
962
961
958
956
956
962
969
982
1006
1040
1077
1118
1160
1193
1217
1241
1256
1266
1263
1240
1212
1192
1176
1159
1132
1100
1073
1059
1047
1032
1011
990
973
963
958
949
939
932
928
927
924
922
916
917
914
915
917
917
918
914
914
917
919
921
920
919
917
919
922
923
924
922
918
923
920
923
921
918
916
919
920
922
921
920
918
921
