[NumeroDePontos = 104]
968
966
964
965
969
967
966
963
963
963
965
965
962
959
961
964
966
966
964
962
966
966
968
966
964
962
959
961
970
989
1018
1051
1093
1138
1181
1221
1249
1272
1291
1299
1285
1257
1224
1198
1169
1140
1107
1081
1062
1043
1019
1001
987
972
957
942
936
935
932
927
921
916
915
918
921
919
919
919
920
920
922
923
923
921
923
925
924
925
924
922
923
925
926
925
925
924
924
923
924
924
922
920
923
926
927
925
922
922
918
921
924
925
924
922
