[NumeroDePontos = 118]
1000
1002
999
995
986
971
961
956
954
953
953
951
948
949
951
952
951
949
950
953
955
954
953
953
952
955
957
960
955
955
954
957
962
962
957
951
949
953
957
975
996
1019
1042
1075
1113
1153
1195
1227
1249
1262
1259
1243
1217
1197
1178
1156
1128
1100
1079
1071
1059
1044
1028
1016
1001
983
971
959
950
946
938
929
922
921
922
923
921
919
917
916
919
923
923
924
923
923
924
925
923
924
924
926
929
930
925
927
924
929
930
929
926
926
924
927
927
929
930
927
925
926
929
927
927
925
926
927
929
929
