[NumeroDePontos = 110]
965
963
965
963
966
965
962
958
962
965
966
966
965
966
967
969
970
972
970
972
972
974
974
975
974
973
969
966
964
971
983
1005
1037
1071
1112
1147
1186
1215
1243
1263
1282
1293
1282
1252
1219
1190
1170
1141
1108
1078
1058
1046
1031
1011
993
974
965
951
943
937
937
931
927
926
928
929
930
927
925
927
930
929
930
926
926
929
930
934
934
932
932
931
933
933
933
931
931
931
937
938
937
933
932
933
934
936
934
931
929
929
934
936
935
932
936
938
939
940
934
932
