[NumeroDePontos = 99]
955
956
959
959
958
956
957
959
961
964
962
955
953
957
962
966
965
962
961
965
965
964
967
964
963
957
954
955
956
969
993
1025
1055
1086
1116
1142
1178
1212
1241
1264
1275
1268
1245
1216
1193
1171
1142
1109
1083
1066
1053
1035
1014
996
986
979
970
957
943
935
930
929
926
921
915
912
913
915
915
912
910
911
913
917
919
921
917
915
916
917
920
917
915
910
913
913
912
912
914
916
917
915
913
917
917
917
917
920
922
