[NumeroDePontos = 115]
931
925
923
926
925
927
927
931
932
931
933
935
940
944
943
938
936
935
940
944
950
951
952
956
961
961
954
946
941
946
958
980
1010
1046
1080
1124
1173
1214
1243
1254
1250
1221
1190
1171
1158
1146
1129
1107
1089
1076
1064
1044
1022
1006
998
985
973
961
953
947
941
939
934
928
925
925
923
927
927
927
924
925
924
926
926
927
925
926
927
927
924
925
926
927
931
929
923
918
915
922
930
930
929
928
926
929
929
932
932
930
926
926
931
932
937
937
933
933
934
934
936
933
935
938
942
