[NumeroDePontos = 104]
1002
991
981
971
964
968
969
963
960
961
966
966
967
965
964
959
964
967
968
966
966
965
966
971
972
972
971
971
971
975
971
968
967
965
976
999
1031
1066
1104
1144
1184
1219
1245
1262
1272
1266
1244
1211
1186
1163
1142
1115
1086
1065
1050
1033
1012
994
981
972
963
953
947
941
940
937
936
935
933
929
925
925
928
931
934
932
935
936
936
938
936
932
934
935
932
934
933
933
931
932
931
931
935
930
932
933
936
934
933
933
936
935
937
932
