[NumeroDePontos = 110]
962
963
968
966
962
959
961
962
966
966
962
963
963
966
971
973
971
967
968
968
974
974
972
968
963
965
973
985
1005
1032
1062
1098
1132
1167
1205
1236
1254
1269
1266
1245
1217
1187
1162
1136
1103
1077
1061
1044
1023
1003
989
979
968
954
943
937
932
928
925
923
919
918
924
926
924
923
920
920
927
929
928
926
922
924
926
931
930
926
927
930
933
932
931
927
926
925
928
932
931
928
927
928
928
927
925
924
928
927
929
928
925
924
926
930
932
933
933
931
932
937
