[NumeroDePontos = 110]
960
946
935
924
921
927
936
945
952
955
958
963
969
967
968
965
961
963
970
974
973
975
979
990
992
990
982
981
984
990
996
1004
1022
1047
1076
1116
1157
1201
1240
1272
1288
1296
1290
1265
1237
1210
1189
1175
1154
1121
1091
1072
1054
1039
1021
1005
988
975
963
954
949
944
939
933
931
935
938
935
938
933
935
941
941
942
939
940
942
942
942
939
937
935
934
936
938
939
936
931
931
931
930
930
927
924
922
926
928
931
929
927
928
934
936
938
939
940
939
943
948
952
