[NumeroDePontos = 107]
943
944
947
948
946
944
945
946
947
948
947
947
945
950
950
949
952
951
951
953
953
954
955
954
955
955
955
952
952
950
956
970
988
1018
1047
1082
1121
1165
1201
1230
1250
1265
1273
1272
1250
1228
1205
1180
1156
1124
1094
1074
1059
1041
1019
1003
989
974
961
946
936
931
929
926
921
917
915
913
916
914
910
911
912
914
918
919
914
914
916
919
919
920
918
918
917
920
920
920
919
916
917
918
922
921
919
920
917
918
921
919
915
916
915
918
922
919
920
