[NumeroDePontos = 107]
995
987
973
962
955
948
950
948
946
940
938
939
939
942
942
937
935
937
940
941
943
948
953
950
941
937
942
947
953
961
968
965
952
941
941
956
981
1018
1065
1116
1165
1204
1234
1255
1272
1276
1260
1226
1193
1162
1129
1092
1069
1052
1031
1006
985
973
964
952
934
920
913
916
916
912
906
906
905
905
907
907
904
904
906
906
904
907
905
907
907
910
913
914
912
910
910
916
917
918
916
917
916
918
919
920
921
919
919
919
920
921
918
919
919
923
926
