[NumeroDePontos = 118]
1032
1033
1030
1024
1016
1004
998
996
995
990
986
985
985
985
986
984
985
987
989
992
989
988
986
986
986
986
990
990
988
990
990
990
991
988
988
990
992
992
999
1010
1031
1065
1103
1140
1180
1219
1245
1269
1284
1288
1272
1248
1214
1193
1179
1165
1139
1102
1073
1057
1049
1036
1020
1006
994
988
982
977
972
971
968
967
966
965
962
958
959
962
965
967
967
965
965
964
967
972
973
974
972
974
977
978
980
980
978
980
981
986
987
987
984
983
982
984
985
983
979
978
981
983
980
978
975
976
978
978
977
974
