[NumeroDePontos = 140]
1004
1006
1005
1005
999
989
981
969
963
958
955
956
955
959
960
958
962
968
978
992
998
999
1003
1010
1021
1029
1032
1029
1028
1035
1042
1046
1047
1046
1047
1048
1044
1043
1039
1036
1049
1074
1112
1154
1194
1234
1272
1307
1330
1340
1330
1300
1257
1219
1193
1169
1141
1115
1094
1083
1071
1055
1040
1028
1018
1009
998
991
984
974
967
961
963
970
973
974
974
974
973
973
975
977
978
981
980
981
981
978
974
976
974
976
976
973
969
966
965
967
969
966
963
962
959
960
964
963
965
964
961
960
959
959
957
955
953
958
958
963
964
961
962
966
969
975
977
975
975
979
984
988
992
989
990
993
996
999
1001
1002
1005
1007
