[NumeroDePontos = 102]
982
976
975
970
974
978
977
974
975
977
980
982
983
980
982
980
981
982
980
979
980
985
989
985
979
974
980
985
985
983
984
996
1020
1049
1086
1126
1167
1205
1246
1267
1283
1281
1265
1237
1215
1194
1176
1153
1125
1096
1079
1069
1051
1032
1015
996
981
971
962
955
949
946
941
939
937
937
938
936
934
935
934
937
937
936
935
939
942
939
940
940
939
937
936
935
935
934
933
935
939
939
940
938
939
937
939
936
933
931
931
934
936
938
