[NumeroDePontos = 115]
954
950
948
950
949
950
948
948
950
951
953
954
952
950
951
954
955
955
956
953
954
958
962
962
961
960
959
960
960
958
957
959
971
989
1014
1045
1080
1110
1147
1182
1211
1234
1249
1260
1264
1257
1234
1211
1187
1159
1131
1099
1074
1062
1045
1028
1008
992
981
972
960
948
941
934
932
927
922
918
916
918
917
918
915
913
915
919
921
919
920
920
921
922
923
923
922
920
920
924
925
925
922
919
918
919
923
925
922
921
921
919
922
921
920
918
919
920
920
919
918
917
917
918
921
921
922
