[NumeroDePontos = 110]
959
957
954
956
958
958
958
961
960
958
958
960
962
961
960
962
963
965
966
964
963
967
965
966
965
962
959
960
961
965
974
988
1011
1045
1087
1125
1165
1197
1222
1243
1262
1279
1282
1272
1245
1222
1202
1179
1147
1115
1091
1076
1061
1043
1020
1003
987
974
960
948
938
930
926
922
922
920
919
918
914
914
919
920
918
918
916
918
919
922
924
923
922
922
922
925
925
922
920
922
923
927
925
923
921
919
922
924
924
923
922
924
925
926
924
924
923
923
926
926
926
924
