[NumeroDePontos = 102]
991
983
972
961
956
956
957
957
958
957
956
954
956
959
958
960
958
955
956
956
959
963
964
962
961
963
964
966
961
957
952
956
962
972
993
1018
1052
1086
1122
1165
1206
1236
1256
1263
1242
1204
1174
1150
1131
1107
1079
1059
1046
1033
1018
1005
990
977
966
956
950
946
945
938
935
931
930
933
931
931
929
924
925
927
929
930
933
932
934
936
933
934
936
935
939
939
940
940
941
941
947
946
945
945
945
942
941
944
944
942
940
938
