[NumeroDePontos = 96]
995
986
984
978
977
978
977
979
978
977
975
979
979
979
983
981
982
978
979
980
982
983
985
980
983
983
983
984
982
979
978
980
991
1005
1023
1058
1101
1144
1192
1231
1261
1282
1294
1286
1259
1226
1198
1173
1139
1110
1093
1081
1069
1049
1027
1009
995
980
968
957
951
951
948
943
941
940
942
939
941
943
944
943
942
944
945
946
944
944
946
947
946
947
944
944
946
947
946
944
944
942
942
944
948
946
941
938
