[NumeroDePontos = 107]
955
955
957
959
958
958
957
957
957
959
962
961
958
961
964
966
965
961
956
960
961
964
961
963
964
967
976
988
1005
1039
1080
1126
1170
1207
1230
1255
1276
1277
1255
1224
1195
1170
1139
1106
1082
1066
1055
1041
1022
1004
987
971
956
946
936
932
929
925
917
916
919
921
921
917
915
915
919
920
922
919
917
918
920
922
926
926
926
925
926
928
927
927
922
922
918
915
914
915
914
918
920
923
917
909
911
914
917
920
920
919
912
915
918
924
926
926
925
