[NumeroDePontos = 118]
992
990
990
988
986
983
975
965
956
949
945
942
942
943
945
946
945
942
943
943
945
945
944
943
944
947
947
950
950
946
949
949
950
952
948
948
948
950
958
967
992
1020
1060
1106
1152
1193
1224
1247
1263
1262
1244
1214
1187
1160
1140
1109
1075
1051
1037
1020
1004
983
969
956
943
933
926
924
923
918
914
912
912
914
913
914
914
912
914
916
919
919
919
917
918
920
919
919
918
913
915
919
922
922
916
915
918
916
918
920
917
913
916
916
916
916
915
913
914
917
919
919
921
920
920
921
923
923
