[NumeroDePontos = 113]
947
942
942
942
941
944
941
939
941
941
944
943
942
938
942
944
943
946
947
943
946
949
949
952
951
949
951
952
954
952
948
947
947
952
961
974
995
1024
1058
1095
1134
1174
1205
1229
1253
1269
1272
1257
1232
1204
1184
1164
1139
1108
1082
1065
1060
1050
1035
1010
992
975
964
951
941
930
924
921
917
915
914
913
913
909
912
917
917
918
916
913
915
916
919
918
919
919
918
921
923
921
920
918
919
920
924
923
920
918
921
922
924
922
918
914
916
918
920
919
918
917
917
916
919
