[NumeroDePontos = 113]
961
953
949
945
944
946
946
948
945
945
945
947
948
951
952
951
947
949
950
954
953
953
952
954
956
958
958
955
955
956
955
957
957
964
977
1005
1039
1077
1115
1153
1189
1222
1247
1262
1273
1274
1259
1236
1210
1188
1164
1131
1090
1061
1048
1037
1018
995
976
963
954
946
939
933
928
925
925
925
920
915
914
914
915
920
920
920
915
918
918
919
919
920
917
918
920
924
923
921
919
918
920
921
922
920
918
915
917
919
919
916
913
915
917
919
920
916
913
914
918
922
920
917
915
