[NumeroDePontos = 113]
993
983
975
966
960
961
962
965
967
965
964
963
962
964
966
966
966
967
966
965
965
963
965
969
970
973
971
975
973
971
969
966
961
966
972
990
1015
1043
1071
1103
1139
1176
1211
1240
1261
1272
1274
1265
1247
1226
1203
1180
1153
1121
1095
1079
1072
1062
1042
1022
1008
999
986
972
958
949
943
946
941
935
929
927
929
930
931
931
927
932
934
936
936
934
935
934
935
934
937
935
932
933
936
940
935
938
939
938
939
937
933
931
933
933
933
933
934
932
930
931
933
934
935
933
932
