[NumeroDePontos = 110]
961
954
950
949
950
946
943
944
946
949
948
947
943
947
949
949
948
949
948
950
953
954
953
951
949
952
954
956
956
953
948
948
952
960
978
1004
1035
1072
1107
1146
1179
1209
1230
1245
1255
1252
1231
1201
1175
1154
1132
1098
1062
1040
1021
1008
989
975
963
951
942
934
930
926
925
917
912
910
911
913
912
911
907
910
913
914
915
913
910
912
914
915
919
918
915
917
918
918
920
919
917
917
919
917
919
918
914
917
918
920
917
915
914
916
919
919
917
916
918
920
