[NumeroDePontos = 91]
960
964
965
966
966
964
961
965
967
969
968
966
965
965
967
966
970
970
969
970
971
972
973
968
965
964
965
969
979
996
1018
1051
1084
1120
1158
1194
1224
1248
1272
1279
1267
1244
1218
1199
1179
1153
1120
1096
1079
1071
1059
1042
1022
1004
990
978
967
954
944
941
938
935
935
935
933
931
930
930
930
931
932
933
934
934
936
939
939
939
935
934
936
935
939
934
934
934
937
936
940
938
937
