[NumeroDePontos = 104]
970
961
956
956
954
954
956
953
953
957
958
959
960
956
956
960
963
964
964
965
960
965
967
968
969
966
964
962
964
970
978
999
1024
1055
1088
1129
1170
1206
1235
1258
1277
1276
1254
1222
1190
1165
1137
1108
1082
1068
1052
1031
1014
1002
992
979
967
951
942
942
940
934
931
929
929
926
926
928
926
931
932
935
934
931
929
929
930
933
934
933
933
933
934
935
932
930
929
930
935
936
934
932
933
931
934
934
932
930
929
931
932
935
935
934
