[NumeroDePontos = 102]
968
957
953
952
953
950
950
946
947
949
950
949
948
946
947
949
949
950
953
953
953
956
957
954
951
955
956
956
959
956
953
952
955
964
979
1006
1041
1078
1123
1162
1203
1232
1254
1271
1277
1265
1232
1198
1170
1147
1119
1091
1069
1052
1032
1012
992
977
967
951
937
932
925
923
924
921
915
909
908
913
916
912
909
909
909
912
917
915
914
911
909
912
915
915
914
910
913
918
920
916
913
910
910
912
916
915
912
910
910
909
912
911
