[NumeroDePontos = 107]
1004
1002
1000
995
992
984
974
966
961
963
961
966
961
958
955
958
963
965
965
966
964
961
961
966
966
965
962
964
966
972
969
967
966
963
968
976
988
1009
1036
1066
1103
1142
1179
1209
1234
1258
1273
1274
1249
1218
1189
1171
1153
1127
1095
1072
1058
1041
1027
1015
1000
987
969
955
947
941
939
934
932
927
929
932
930
927
928
925
925
928
928
928
925
925
927
930
928
928
929
929
932
933
930
927
925
923
926
931
930
930
928
928
931
933
932
926
927
931
936
