[NumeroDePontos = 118]
959
946
935
930
933
933
936
935
933
932
931
937
938
939
939
939
944
947
946
947
947
946
947
949
952
951
952
955
962
964
960
958
955
948
945
945
951
968
995
1024
1057
1094
1135
1178
1212
1243
1267
1282
1281
1263
1242
1220
1196
1171
1139
1109
1086
1074
1063
1046
1027
1012
994
981
967
959
950
945
941
936
932
934
930
926
926
924
926
928
931
930
930
930
930
933
933
932
931
927
930
930
932
930
931
931
930
932
933
933
933
933
929
928
928
931
931
931
932
934
933
931
929
931
933
935
933
932
927
930
