[NumeroDePontos = 124]
963
960
962
961
961
961
958
957
954
956
958
958
958
959
960
964
966
971
970
968
966
969
971
972
972
968
966
968
969
975
982
1004
1032
1068
1101
1140
1176
1206
1233
1255
1274
1280
1268
1244
1216
1196
1178
1157
1127
1100
1086
1075
1063
1048
1027
1005
991
981
972
964
960
952
949
946
941
938
936
931
929
929
931
931
930
930
928
928
930
930
930
933
935
937
938
937
939
935
933
935
935
937
937
935
936
941
942
940
937
938
936
936
939
938
937
936
935
935
937
937
937
936
936
937
936
936
937
938
940
943
944
943
941
942
944
950
