[NumeroDePontos = 96]
966
965
964
967
970
969
970
969
970
971
973
974
972
970
972
973
975
978
978
977
975
977
975
977
974
971
975
984
1003
1029
1062
1096
1134
1174
1214
1245
1267
1283
1290
1288
1269
1242
1217
1196
1175
1145
1112
1088
1074
1059
1042
1022
1008
996
984
971
962
954
951
945
943
940
935
935
935
937
940
937
935
938
940
945
940
939
938
941
943
948
946
945
943
942
945
947
943
941
942
942
944
945
945
942
943
943
949
946
