[NumeroDePontos = 115]
972
970
969
971
971
970
973
971
972
973
974
972
972
967
973
977
976
975
975
973
977
981
979
981
979
978
977
979
976
977
978
985
1004
1032
1063
1100
1137
1177
1217
1252
1275
1291
1295
1286
1263
1240
1224
1204
1180
1147
1116
1096
1080
1067
1046
1024
1008
996
985
976
963
955
953
949
947
945
943
938
937
940
939
939
938
939
940
945
943
942
943
942
943
947
948
949
946
942
944
946
948
947
945
944
943
944
947
946
944
942
944
941
945
943
943
942
943
944
944
943
943
942
946
949
951
947
947
