[NumeroDePontos = 110]
978
970
967
964
965
965
964
965
963
961
964
968
968
967
966
964
965
967
971
971
972
972
973
974
974
973
971
965
966
970
977
993
1013
1048
1087
1131
1172
1209
1238
1260
1280
1287
1273
1242
1214
1189
1168
1137
1108
1087
1069
1051
1030
1009
998
988
976
962
952
947
945
942
935
930
932
933
934
931
929
931
932
934
934
934
932
932
932
938
938
936
933
934
931
935
938
937
935
932
935
935
936
934
934
932
934
934
934
934
934
934
935
934
936
935
936
935
938
938
938
937
