[NumeroDePontos = 115]
971
972
971
971
969
968
971
973
971
970
971
968
972
974
978
977
979
978
977
978
979
981
982
981
978
980
980
977
976
977
992
1015
1042
1074
1105
1144
1183
1221
1249
1269
1286
1292
1287
1269
1246
1225
1199
1171
1141
1113
1093
1077
1055
1033
1016
1003
993
983
970
959
951
949
946
941
937
933
935
933
934
933
932
932
935
934
937
940
939
940
939
940
944
940
939
939
941
942
944
941
941
940
941
945
946
947
944
941
942
944
944
944
942
941
942
943
944
944
944
942
943
945
945
947
946
947
946
