[NumeroDePontos = 99]
991
988
983
981
977
978
980
981
979
980
976
976
979
980
981
979
976
977
981
982
980
980
983
982
984
985
984
982
979
979
986
1000
1023
1052
1091
1132
1175
1215
1250
1273
1286
1292
1281
1254
1226
1202
1179
1152
1122
1100
1084
1066
1045
1025
1009
997
985
973
961
954
952
950
949
945
940
944
943
943
942
940
940
942
944
944
947
947
944
944
949
951
951
949
943
946
947
945
945
945
941
944
946
947
943
941
937
938
941
942
940
