[NumeroDePontos = 99]
955
955
954
952
954
955
957
958
957
956
955
957
958
960
955
957
959
962
960
959
958
957
950
950
952
957
969
988
1019
1053
1091
1129
1162
1194
1222
1247
1267
1273
1262
1239
1215
1189
1159
1124
1097
1076
1063
1051
1034
1014
999
985
968
954
947
937
929
924
918
916
914
915
914
916
912
912
915
915
916
912
915
921
924
924
918
912
914
916
921
919
916
915
917
921
923
921
921
919
918
917
918
916
917
916
915
916
917
918
917
