[NumeroDePontos = 96]
960
956
957
960
962
961
960
959
961
963
966
962
963
960
964
965
966
963
963
963
966
968
968
963
957
954
955
963
977
1000
1023
1054
1089
1131
1176
1216
1245
1262
1269
1256
1230
1204
1184
1161
1141
1112
1090
1072
1059
1043
1020
1001
986
972
960
949
938
937
934
929
926
923
923
923
924
925
925
922
923
926
928
927
926
922
923
928
928
930
930
925
927
928
929
929
929
927
925
927
929
929
926
925
924
924
926
925
