[NumeroDePontos = 107]
963
955
954
954
955
956
953
950
950
952
956
956
957
953
953
954
957
958
960
959
958
957
964
962
963
964
960
961
958
959
958
956
960
980
1009
1039
1071
1103
1135
1172
1208
1240
1262
1270
1261
1237
1210
1185
1159
1124
1088
1062
1051
1038
1019
998
981
970
962
953
944
937
927
924
924
926
923
916
915
916
918
922
920
920
917
920
921
923
923
922
922
922
925
926
924
922
922
923
925
928
927
927
924
923
925
928
926
926
922
923
924
929
927
923
919
920
921
