[NumeroDePontos = 115]
1006
998
986
980
974
972
970
967
965
968
967
966
968
968
971
970
968
968
969
967
971
973
974
968
970
970
973
975
976
973
973
971
973
974
979
989
1006
1027
1065
1101
1140
1178
1213
1239
1260
1276
1280
1264
1236
1208
1185
1166
1139
1107
1079
1064
1044
1033
1014
996
982
972
965
957
951
945
941
938
939
938
938
939
936
936
937
938
939
938
938
935
940
942
943
942
942
943
942
944
942
939
938
939
940
943
943
942
941
940
940
940
940
943
940
937
942
945
944
940
939
937
939
943
944
947
943
