[NumeroDePontos = 126]
1034
1031
1027
1021
1013
1002
996
993
992
988
983
982
986
990
992
989
983
985
982
987
988
986
985
980
984
987
988
988
987
985
988
992
992
989
986
981
981
984
986
995
1013
1038
1075
1115
1155
1200
1235
1260
1283
1297
1286
1254
1226
1203
1187
1172
1145
1113
1091
1078
1067
1048
1027
1011
998
985
975
967
959
955
951
951
944
944
942
943
942
940
942
943
943
941
940
940
941
945
942
944
943
942
947
947
944
941
941
942
947
950
948
946
944
944
946
950
949
950
949
948
948
950
950
948
947
947
951
952
953
953
951
952
954
956
955
957
955
955
