[NumeroDePontos = 102]
970
971
971
961
962
963
969
971
971
968
966
966
967
965
970
972
972
971
971
975
970
967
963
961
962
967
967
964
963
967
978
993
1018
1048
1085
1127
1171
1205
1234
1258
1277
1291
1288
1271
1251
1227
1198
1162
1125
1100
1084
1069
1043
1018
1004
991
978
962
952
945
941
937
930
922
920
925
925
924
923
927
927
930
930
926
925
925
926
934
932
938
936
933
931
936
939
938
933
930
930
932
936
938
934
931
929
929
932
935
936
933
930
932
