[NumeroDePontos = 115]
976
971
969
971
970
972
974
974
972
970
969
970
971
977
975
975
975
974
974
974
976
972
972
978
980
982
977
973
970
971
977
983
1002
1029
1055
1081
1117
1158
1201
1235
1260
1283
1287
1272
1245
1218
1193
1166
1131
1100
1079
1067
1057
1040
1023
1011
995
979
964
955
951
947
945
939
933
933
935
938
940
940
936
934
935
935
940
944
944
940
939
938
940
943
943
945
945
944
944
945
946
946
945
943
940
940
941
944
946
947
942
940
940
943
943
944
946
947
949
948
948
949
946
945
948
953
959
