[NumeroDePontos = 110]
955
953
951
951
951
952
952
953
952
955
956
960
961
958
953
954
957
959
958
957
957
960
962
961
958
957
955
953
949
953
957
967
985
1011
1043
1079
1128
1173
1210
1240
1264
1273
1252
1222
1189
1170
1146
1120
1089
1067
1051
1039
1022
1005
993
982
973
960
949
941
931
929
924
924
925
923
923
921
915
917
919
923
921
924
924
925
929
926
927
924
919
923
926
930
929
928
924
929
929
930
931
931
927
924
927
928
932
929
926
927
926
928
925
925
925
927
929
931
931
931
