[NumeroDePontos = 115]
960
963
968
968
964
961
962
962
962
965
964
966
967
970
969
967
969
968
971
971
970
968
972
974
975
977
976
974
969
965
967
974
990
1016
1050
1087
1127
1169
1207
1239
1264
1280
1288
1280
1256
1233
1212
1192
1173
1141
1106
1080
1065
1051
1032
1015
1001
990
977
961
949
944
943
941
938
934
933
931
930
928
925
928
930
935
933
934
932
930
937
936
934
929
933
932
938
940
940
932
930
931
935
938
938
937
934
932
930
932
935
936
935
934
934
938
937
936
934
933
938
940
940
938
938
937
942
