[NumeroDePontos = 96]
951
951
951
952
951
950
953
954
958
957
957
956
956
960
960
960
959
959
958
960
963
958
955
951
955
965
988
1019
1055
1094
1139
1183
1217
1244
1260
1265
1256
1235
1203
1175
1150
1120
1085
1062
1047
1029
1008
991
979
971
961
949
939
935
929
924
922
922
921
918
920
923
924
924
923
922
924
929
927
925
924
922
927
931
927
925
923
925
927
928
929
925
924
923
927
930
930
931
926
921
920
924
925
927
928
924
