[NumeroDePontos = 102]
971
969
968
968
968
971
968
967
966
969
971
974
972
969
967
969
973
976
974
973
971
973
976
979
980
976
970
968
971
982
996
1014
1045
1085
1125
1168
1207
1239
1260
1280
1292
1284
1265
1240
1215
1195
1167
1137
1108
1089
1075
1057
1038
1019
1003
987
971
958
951
952
947
940
934
936
937
939
936
932
933
933
937
939
940
939
938
937
937
940
941
941
938
940
942
942
942
944
942
940
943
944
941
939
936
938
943
943
941
940
940
941
944
939
