[NumeroDePontos = 110]
966
956
953
953
955
955
952
947
949
951
955
957
957
953
953
952
954
958
959
960
957
958
961
962
958
960
962
959
957
955
952
954
962
977
1006
1038
1074
1111
1152
1194
1232
1256
1269
1264
1252
1232
1212
1192
1170
1139
1101
1072
1056
1048
1032
1009
989
976
967
958
942
932
931
928
925
920
917
913
916
920
920
917
916
913
915
919
921
920
918
915
918
920
919
916
916
914
916
918
921
923
923
920
918
919
920
922
920
917
917
918
924
925
925
918
918
919
920
920
922
921
