[NumeroDePontos = 99]
1002
1001
997
995
992
995
993
991
991
988
991
992
993
988
990
989
993
994
995
997
996
994
996
994
994
988
987
986
994
1018
1046
1082
1115
1153
1191
1228
1254
1273
1288
1285
1273
1250
1227
1201
1174
1139
1108
1090
1082
1065
1045
1025
1011
1000
989
981
968
959
953
948
946
941
940
938
936
939
940
943
941
941
942
945
948
945
943
942
944
946
948
946
944
943
948
947
949
944
944
943
944
947
947
948
946
945
943
943
942
944
943
