[NumeroDePontos = 91]
968
966
968
965
968
969
971
970
970
967
968
971
975
976
972
973
971
975
978
979
978
978
978
976
978
977
973
971
978
995
1015
1046
1080
1114
1156
1195
1225
1255
1277
1291
1292
1280
1258
1234
1212
1187
1158
1129
1108
1094
1078
1058
1036
1017
1004
992
975
958
953
953
950
946
938
933
929
932
932
934
933
934
935
935
936
937
938
937
938
940
944
943
941
939
943
944
946
944
939
938
938
940
940
