[NumeroDePontos = 93]
962
958
957
957
958
958
962
962
960
958
959
963
961
964
962
959
960
964
968
971
968
964
963
964
962
960
960
960
970
994
1026
1064
1106
1146
1187
1224
1254
1275
1279
1266
1245
1219
1199
1175
1142
1108
1085
1074
1058
1037
1015
994
978
967
954
943
935
928
927
923
926
923
921
918
920
922
925
927
925
924
924
930
931
932
929
924
928
930
933
934
934
931
928
928
928
932
928
927
925
926
927
926
927
