[NumeroDePontos = 102]
964
960
955
955
956
956
957
958
957
962
961
962
960
959
958
961
965
970
970
966
964
964
968
968
967
966
962
959
961
969
981
1003
1027
1058
1093
1128
1166
1201
1232
1256
1276
1279
1263
1236
1208
1187
1168
1142
1109
1081
1063
1054
1041
1023
1006
992
977
966
956
950
942
935
932
931
928
928
925
922
921
922
926
929
930
925
923
927
931
932
930
929
927
928
927
929
931
934
932
934
934
936
934
934
933
931
933
933
932
927
927
930
929
931
