[NumeroDePontos = 104]
957
962
962
964
960
958
959
964
971
969
967
963
962
963
964
968
968
968
971
971
976
978
973
966
962
960
963
974
992
1021
1057
1095
1132
1169
1204
1228
1252
1272
1289
1289
1270
1241
1214
1185
1158
1122
1094
1074
1061
1044
1027
1008
990
975
965
956
949
947
941
935
926
926
926
928
928
928
927
928
927
927
928
930
931
935
935
938
935
932
933
932
934
935
936
932
934
937
937
935
932
930
930
933
935
937
937
933
934
933
937
937
935
933
935
938
