[NumeroDePontos = 99]
961
963
962
960
961
963
967
966
967
964
964
965
968
969
966
964
967
969
970
970
970
966
966
964
966
965
975
990
1015
1043
1074
1103
1134
1172
1210
1245
1269
1280
1280
1257
1228
1202
1178
1145
1111
1086
1074
1063
1046
1024
1007
992
982
974
961
951
943
939
937
936
934
932
930
929
927
928
930
929
929
930
932
935
934
932
932
928
930
933
935
937
937
936
934
935
937
938
936
931
934
935
940
939
935
934
934
935
935
936
936
