[NumeroDePontos = 99]
952
947
947
945
943
949
947
947
944
944
943
949
951
952
952
949
950
953
954
954
955
952
951
949
949
950
953
962
973
996
1022
1058
1098
1138
1178
1214
1243
1262
1266
1244
1218
1188
1166
1138
1104
1077
1059
1049
1036
1016
994
980
965
953
942
934
927
921
913
912
912
915
915
913
912
910
914
916
914
914
911
912
915
918
918
918
915
914
918
918
917
918
915
916
917
917
916
914
912
914
917
920
918
916
913
914
917
917
920
