[NumeroDePontos = 121]
989
987
989
989
991
994
998
1001
996
993
992
998
1001
998
997
995
997
1002
1006
1007
1006
1004
1000
999
995
991
986
984
985
992
1010
1034
1065
1096
1128
1165
1201
1227
1251
1267
1278
1284
1270
1244
1216
1188
1162
1131
1097
1069
1048
1033
1018
1003
989
976
960
946
934
930
927
924
919
914
910
905
900
901
899
896
894
895
901
905
902
896
895
898
907
910
908
906
904
908
913
914
913
916
918
919
920
921
920
924
927
930
929
920
916
917
921
920
923
925
923
922
923
926
928
929
926
925
926
926
930
930
927
930
934
938
945
