[NumeroDePontos = 96]
935
938
940
939
938
938
939
940
939
939
940
938
938
944
946
944
945
943
944
947
948
948
944
940
939
939
946
963
987
1018
1061
1106
1152
1192
1223
1247
1260
1259
1244
1220
1196
1175
1152
1121
1088
1062
1047
1026
1004
984
970
957
944
928
922
919
916
911
906
902
902
904
905
907
906
905
904
906
910
910
910
909
910
912
912
912
910
910
913
914
914
912
910
909
911
913
914
914
913
907
911
915
915
914
912
908
