[NumeroDePontos = 104]
943
944
942
941
936
938
939
943
945
942
941
942
942
943
945
942
942
943
948
950
949
948
947
949
950
952
950
945
943
943
949
959
979
1004
1033
1065
1098
1131
1164
1193
1216
1240
1259
1266
1258
1235
1212
1189
1165
1137
1105
1078
1062
1049
1037
1018
1001
982
971
960
948
937
928
920
912
906
905
904
904
898
900
901
903
904
903
902
900
903
907
907
907
906
905
910
913
916
914
909
905
904
907
910
908
906
904
904
906
910
909
908
903
907
907
909
