[NumeroDePontos = 113]
984
984
983
981
979
979
979
978
974
976
977
975
976
974
971
971
972
975
974
973
971
967
968
972
972
968
964
964
965
966
965
961
957
960
962
963
960
960
960
961
967
969
973
977
985
1001
1017
1035
1055
1078
1109
1145
1176
1203
1228
1257
1284
1315
1342
1369
1384
1396
1397
1373
1327
1273
1213
1156
1096
1037
989
951
929
914
904
899
895
897
899
898
900
902
904
903
903
904
901
900
901
899
896
892
888
885
885
884
878
877
877
885
893
897
896
893
890
891
896
900
905
903
898
899
902
