[NumeroDePontos = 104]
957
957
958
958
958
957
952
956
958
960
962
962
959
960
962
964
966
966
967
967
968
968
968
966
962
962
962
965
970
983
1005
1039
1075
1113
1152
1189
1218
1243
1265
1279
1279
1264
1241
1222
1202
1176
1141
1106
1080
1068
1054
1036
1015
997
984
971
962
954
948
943
936
931
930
928
927
923
920
921
923
927
929
929
927
930
933
934
931
928
927
929
932
933
934
932
932
934
934
935
934
931
928
930
934
934
936
934
929
932
933
935
935
931
929
930
