[NumeroDePontos = 102]
963
961
961
963
965
967
966
963
963
962
964
967
967
968
966
967
969
971
972
975
972
973
973
974
968
966
963
970
986
1012
1044
1079
1116
1160
1202
1236
1263
1282
1291
1284
1264
1244
1222
1199
1173
1144
1114
1096
1082
1069
1045
1024
1008
996
983
967
953
947
943
939
935
931
927
929
931
931
931
929
922
925
930
933
933
935
934
934
934
940
938
937
933
936
939
943
942
941
937
938
940
937
939
937
935
935
936
940
937
936
935
936
938
940
