[NumeroDePontos = 93]
956
957
953
955
954
954
954
952
949
948
949
953
956
959
957
955
957
958
960
960
962
961
962
962
960
959
958
956
955
952
955
966
988
1016
1050
1088
1131
1175
1213
1240
1257
1273
1274
1257
1230
1204
1184
1164
1145
1117
1089
1065
1048
1035
1014
992
975
955
943
932
932
943
962
978
985
982
976
973
971
972
970
965
959
958
952
949
947
944
945
944
942
940
938
937
933
936
936
937
936
938
940
943
939
