[NumeroDePontos = 102]
949
949
946
948
949
953
951
950
947
948
949
953
953
954
952
951
952
956
956
956
955
955
954
954
952
945
942
944
952
966
988
1011
1037
1067
1108
1150
1186
1219
1240
1258
1269
1267
1250
1230
1210
1191
1172
1146
1112
1082
1066
1053
1038
1019
996
979
966
951
945
937
930
922
917
912
907
909
908
907
906
907
909
912
911
911
909
911
913
913
911
914
915
917
922
921
918
916
915
915
917
917
918
916
915
914
919
918
917
916
914
914
913
916
