[NumeroDePontos = 99]
964
955
947
944
946
944
945
941
940
944
946
948
947
947
944
946
946
947
950
947
948
950
953
952
951
949
946
944
943
939
947
962
983
1014
1050
1087
1126
1164
1202
1231
1256
1264
1260
1238
1212
1186
1162
1125
1091
1071
1060
1050
1031
1009
987
970
955
943
933
928
918
913
908
908
909
910
908
907
905
907
908
910
910
909
911
913
914
914
913
914
914
917
918
917
915
911
910
915
916
915
914
913
911
914
912
913
911
910
910
