[NumeroDePontos = 99]
952
950
948
948
951
956
956
954
950
951
952
957
957
956
955
953
954
958
960
960
959
954
956
955
952
950
950
957
966
988
1016
1048
1086
1126
1171
1206
1231
1254
1271
1274
1267
1250
1232
1214
1193
1168
1139
1110
1086
1069
1050
1031
1012
994
981
968
949
940
935
933
927
923
919
913
913
915
913
914
913
915
919
919
917
917
918
918
922
925
925
922
920
920
918
923
924
924
926
922
922
923
924
920
920
920
920
925
926
923
923
