[NumeroDePontos = 104]
972
961
948
940
939
938
940
938
940
942
942
941
941
938
937
938
940
940
942
941
942
945
947
949
949
949
947
950
951
948
944
940
941
947
958
980
1011
1045
1084
1125
1170
1206
1234
1255
1268
1266
1252
1226
1203
1178
1157
1127
1093
1063
1044
1024
1010
992
979
964
953
944
933
928
925
920
917
914
912
912
912
910
909
911
916
916
916
915
914
916
917
919
920
919
918
918
918
923
923
923
921
921
922
924
922
924
921
920
918
923
924
925
924
920
