[NumeroDePontos = 107]
981
968
957
949
951
953
954
955
951
950
953
953
952
953
952
951
954
956
957
956
954
954
954
959
958
958
955
955
956
958
954
949
945
949
962
983
1013
1045
1086
1127
1172
1210
1239
1261
1272
1266
1248
1227
1203
1180
1150
1118
1088
1073
1068
1060
1042
1018
998
988
976
961
948
937
931
928
923
918
916
915
916
916
919
917
917
914
917
918
920
922
918
917
918
919
922
925
922
920
921
924
925
926
924
924
924
925
925
923
919
922
922
926
925
922
921
917
920
