[NumeroDePontos = 96]
955
956
961
959
960
958
959
960
963
964
962
960
961
962
965
964
964
965
966
964
967
968
965
959
958
961
967
975
992
1018
1052
1090
1132
1173
1212
1242
1265
1278
1276
1250
1222
1198
1181
1163
1135
1103
1076
1058
1038
1020
1004
992
978
964
949
940
939
934
930
926
923
920
924
922
924
925
926
930
929
927
928
928
929
930
932
930
928
926
930
931
934
933
930
927
927
929
932
932
930
927
928
930
933
932
930
927
