[NumeroDePontos = 107]
961
961
966
966
963
964
961
960
965
966
966
966
962
962
965
968
968
967
966
969
972
973
972
974
971
970
969
967
966
964
965
978
997
1025
1061
1094
1134
1179
1219
1249
1268
1279
1269
1250
1229
1208
1189
1166
1138
1108
1089
1079
1071
1055
1032
1014
1000
988
976
964
952
945
943
937
935
931
928
930
932
933
933
931
929
931
932
931
932
931
930
932
934
938
937
935
934
934
937
938
938
935
932
935
933
938
937
937
934
933
936
938
937
934
933
931
933
936
938
