[NumeroDePontos = 107]
953
953
954
951
950
951
949
952
953
952
951
950
949
952
953
953
952
952
954
958
960
962
958
959
959
962
958
956
957
962
977
1005
1037
1074
1110
1148
1187
1225
1251
1263
1261
1235
1178
1128
1101
1092
1081
1059
1036
1021
1015
1002
987
972
961
953
946
935
926
921
920
924
924
923
923
921
921
922
924
922
923
922
924
927
928
927
927
925
926
930
931
932
930
927
928
930
934
935
934
932
932
933
935
935
935
934
934
934
937
935
935
935
936
938
941
937
936
