[NumeroDePontos = 107]
959
956
954
955
958
956
954
955
957
960
961
960
958
957
954
957
962
961
962
961
961
965
965
965
960
958
957
958
967
987
1007
1036
1068
1109
1157
1198
1233
1255
1274
1287
1283
1264
1240
1219
1202
1182
1157
1126
1097
1075
1061
1045
1028
1007
990
974
962
950
942
939
938
934
925
922
924
920
919
917
916
919
923
921
921
920
916
919
924
926
927
922
922
926
927
926
922
922
924
925
926
925
926
923
920
922
925
927
925
925
921
923
924
924
924
923
923
925
928
