[NumeroDePontos = 96]
934
933
934
932
934
936
936
937
940
942
945
942
938
936
938
946
953
953
942
933
935
945
955
958
955
949
955
955
951
943
941
948
966
990
1019
1047
1087
1130
1172
1210
1236
1248
1248
1229
1190
1142
1111
1097
1086
1071
1046
1016
996
987
979
964
952
947
941
938
934
927
924
922
923
921
915
907
905
913
924
932
928
921
910
909
915
912
908
908
912
916
918
921
922
922
917
916
917
917
919
918
918
918
918
920
