[NumeroDePontos = 96]
960
961
960
960
959
954
952
953
957
960
960
956
954
954
958
960
958
958
959
960
963
967
965
962
961
964
964
966
969
969
970
975
992
1022
1058
1099
1139
1183
1222
1249
1260
1255
1230
1179
1126
1094
1089
1087
1070
1045
1020
1008
1000
985
968
957
955
951
944
936
931
931
932
935
935
932
929
929
934
936
935
938
935
934
935
938
939
939
936
938
940
942
944
942
939
939
941
943
944
944
942
944
944
942
944
944
