[NumeroDePontos = 110]
965
960
955
956
961
957
955
950
952
956
959
957
955
952
956
958
959
960
956
957
957
960
962
961
959
963
964
964
964
968
966
971
982
1002
1032
1061
1095
1123
1156
1191
1221
1239
1249
1248
1227
1181
1132
1101
1087
1072
1050
1023
1009
1000
995
982
970
964
958
952
945
936
933
933
930
931
927
927
926
930
932
929
927
928
928
931
936
936
933
932
930
933
937
936
936
935
935
937
937
937
935
933
936
937
939
937
937
932
934
939
938
940
938
938
938
943
944
942
939
937
