[NumeroDePontos = 96]
955
953
953
952
952
954
958
956
959
956
956
958
962
964
963
962
960
962
963
965
967
968
967
970
975
982
1000
1022
1056
1095
1138
1176
1212
1236
1253
1266
1272
1261
1235
1200
1175
1161
1143
1110
1070
1045
1028
1017
1004
989
973
963
955
949
945
939
936
936
936
932
929
928
926
928
928
928
930
935
932
931
930
934
936
934
931
932
931
930
934
934
933
930
928
928
930
931
929
931
929
931
931
933
932
931
930
930
