[NumeroDePontos = 104]
952
953
952
951
949
949
950
954
953
957
956
952
954
957
957
960
958
958
960
960
964
963
962
962
964
967
968
968
971
973
990
1009
1040
1075
1114
1153
1194
1227
1250
1259
1261
1241
1215
1194
1177
1160
1142
1118
1088
1061
1044
1029
1010
988
977
967
959
946
938
931
929
928
924
920
917
919
926
926
927
927
924
923
927
931
930
929
927
927
928
932
933
930
928
927
930
930
930
928
927
926
927
925
927
928
927
926
927
929
929
929
925
925
927
930
