[NumeroDePontos = 115]
938
938
936
938
941
943
942
938
938
941
943
944
942
943
943
945
949
949
951
949
945
946
946
945
945
948
954
967
986
1018
1047
1079
1113
1151
1183
1211
1227
1234
1229
1208
1181
1158
1141
1126
1104
1072
1045
1031
1021
1014
1004
989
975
966
957
944
934
929
925
924
923
918
915
916
917
920
918
918
918
920
921
921
918
918
919
921
925
926
923
923
920
920
922
920
920
917
918
919
921
924
923
921
922
922
922
923
924
922
918
921
922
922
923
923
920
923
924
926
925
923
923
926
928
931
931
