[NumeroDePontos = 104]
988
989
989
990
988
985
982
978
980
984
992
998
997
994
992
989
988
984
985
984
983
986
989
987
986
981
975
974
978
981
987
1001
1019
1051
1087
1125
1163
1196
1221
1252
1269
1275
1263
1233
1190
1161
1141
1122
1092
1056
1027
1016
1013
1007
992
981
971
962
957
952
947
943
940
938
939
938
937
940
939
944
949
949
948
946
947
948
951
950
951
947
949
952
953
958
958
956
951
953
958
962
963
961
961
963
964
966
966
964
966
965
967
967
968
968
