[NumeroDePontos = 82]
1090
1092
1095
1095
1097
1096
1097
1094
1091
1093
1095
1096
1096
1097
1094
1092
1095
1099
1100
1097
1098
1098
1101
1107
1128
1154
1187
1225
1265
1304
1336
1360
1374
1372
1357
1320
1283
1260
1245
1230
1206
1170
1138
1119
1108
1100
1087
1072
1063
1055
1048
1041
1039
1040
1034
1031
1025
1022
1027
1031
1034
1033
1032
1029
1035
1036
1034
1034
1033
1035
1038
1037
1038
1036
1037
1037
1040
1041
1043
1038
1034
1032
