[NumeroDePontos = 91]
912
913
916
922
931
940
944
951
957
960
960
963
965
968
987
1012
1047
1081
1121
1162
1206
1240
1257
1263
1262
1243
1214
1192
1178
1164
1144
1116
1085
1064
1052
1037
1017
998
985
978
968
956
944
937
937
934
932
929
925
922
924
925
927
924
922
920
924
925
928
928
925
923
925
925
927
926
923
920
921
919
921
922
920
918
921
922
922
922
920
916
917
920
922
920
920
918
922
925
925
929
928
