[NumeroDePontos = 115]
1004
1000
992
985
974
966
961
961
960
965
962
960
961
961
965
969
968
966
961
965
966
966
969
966
964
966
969
971
973
971
966
965
967
973
980
993
1009
1036
1066
1100
1135
1173
1207
1237
1257
1274
1268
1243
1210
1183
1160
1138
1106
1079
1063
1050
1031
1013
998
985
973
962
955
950
943
939
936
934
934
934
931
932
928
932
935
938
937
934
931
932
934
935
938
936
936
933
938
936
937
937
935
935
937
937
937
935
936
937
938
938
936
936
937
937
938
940
938
936
936
935
937
942
941
941
938
