[NumeroDePontos = 113]
978
981
980
976
973
975
976
981
980
981
980
978
978
982
982
979
976
977
978
981
986
983
983
984
987
988
991
989
988
990
994
999
1005
1014
1028
1053
1091
1130
1165
1197
1223
1248
1269
1277
1280
1264
1222
1162
1112
1091
1085
1077
1055
1031
1014
1009
1004
997
986
978
971
969
962
956
954
950
951
953
955
956
956
954
958
956
958
957
954
955
958
960
961
958
957
955
955
957
959
956
956
954
957
960
961
958
954
953
955
954
954
952
953
954
957
961
960
960
957
955
957
960
961
961
960
