[NumeroDePontos = 104]
957
957
959
962
966
964
961
960
959
965
968
968
965
964
965
967
970
970
970
969
967
968
972
973
980
995
1015
1045
1082
1119
1159
1199
1231
1254
1263
1261
1238
1208
1183
1167
1153
1129
1095
1061
1042
1035
1027
1008
989
976
969
963
957
950
944
939
936
934
935
935
932
930
929
932
936
933
928
924
927
935
938
936
932
928
930
931
932
931
931
930
928
930
932
935
936
930
925
929
935
937
936
936
938
942
951
950
946
942
939
941
943
949
946
944
