[NumeroDePontos = 107]
977
979
974
975
975
975
979
977
978
976
976
976
981
982
980
979
981
982
985
985
985
985
983
983
982
988
998
1020
1053
1099
1149
1190
1229
1259
1279
1299
1297
1273
1239
1211
1189
1170
1141
1106
1081
1066
1049
1028
1011
997
983
970
959
954
953
950
943
941
940
943
944
942
940
940
941
942
947
947
944
944
943
943
947
948
943
944
942
946
949
947
948
944
941
944
944
943
943
942
941
942
944
941
941
938
937
937
940
941
943
938
936
941
942
946
946
944
944
