[NumeroDePontos = 96]
963
961
962
963
963
962
959
960
964
967
965
964
961
961
963
967
968
968
965
966
967
970
970
971
970
968
969
970
972
975
979
993
1015
1042
1078
1113
1155
1196
1230
1253
1265
1266
1247
1212
1185
1169
1155
1135
1109
1077
1054
1040
1030
1016
996
980
971
966
962
954
946
942
941
941
942
940
937
935
936
939
939
937
938
936
940
940
942
940
941
940
941
941
941
940
939
939
939
941
942
940
942
938
938
939
940
937
