[NumeroDePontos = 102]
961
960
960
964
962
965
965
963
965
963
966
963
966
966
966
970
969
966
968
967
971
974
974
973
971
973
980
991
1007
1028
1058
1093
1133
1174
1209
1238
1254
1264
1269
1253
1222
1192
1170
1150
1128
1095
1069
1052
1043
1032
1018
1004
988
977
966
954
947
942
937
937
934
931
930
932
936
934
932
931
934
933
937
937
939
935
938
939
939
936
938
933
934
938
940
940
939
938
940
940
940
939
935
935
936
938
939
936
935
933
935
938
938
937
