[NumeroDePontos = 121]
1011
1001
992
986
980
975
973
973
974
976
974
973
971
973
972
976
975
975
973
973
976
979
980
978
978
977
984
985
985
985
982
980
980
979
980
988
1001
1027
1058
1093
1130
1168
1206
1239
1262
1281
1294
1298
1286
1258
1236
1213
1193
1162
1130
1102
1086
1073
1058
1035
1018
1000
991
984
972
962
954
946
945
942
940
935
935
936
938
943
941
940
940
938
941
944
944
941
942
939
946
948
947
944
943
944
945
947
944
943
942
942
944
947
946
943
940
937
941
945
942
943
941
939
944
945
944
942
940
940
947
949
949
950
951
