[NumeroDePontos = 102]
978
976
969
956
948
944
942
943
942
937
934
935
937
940
940
938
940
940
941
942
941
938
939
941
944
945
942
939
938
946
948
954
953
951
949
950
956
968
983
1008
1040
1081
1124
1166
1201
1221
1230
1229
1209
1157
1088
1041
1026
1033
1035
1017
992
972
962
957
953
946
934
926
921
915
910
905
900
898
897
896
898
901
905
904
902
898
894
893
895
898
898
901
904
909
907
904
900
900
901
902
902
903
903
910
914
917
917
916
910
912
