[NumeroDePontos = 110]
952
949
949
951
951
952
948
949
951
952
952
951
952
953
954
957
952
950
952
958
959
959
958
958
957
959
960
962
961
959
969
979
999
1027
1053
1084
1121
1160
1196
1224
1240
1249
1253
1236
1211
1184
1159
1140
1118
1085
1055
1036
1024
1009
992
976
968
959
951
944
936
930
927
926
925
921
917
917
916
919
916
914
916
917
922
921
920
918
919
921
923
920
919
917
916
920
924
922
921
917
918
917
919
920
921
917
918
919
921
922
921
915
918
920
918
922
917
918
920
921
