[NumeroDePontos = 93]
966
966
967
969
969
970
972
970
967
967
967
970
971
970
971
972
973
975
978
976
973
972
973
981
996
1023
1051
1084
1119
1160
1203
1241
1266
1282
1281
1264
1218
1162
1124
1108
1099
1077
1050
1031
1022
1009
993
983
975
970
965
953
945
941
940
939
935
937
937
939
938
938
936
940
943
947
948
945
941
942
941
945
947
951
951
949
947
950
956
955
954
951
948
950
957
961
961
955
953
953
951
951
951
