[NumeroDePontos = 96]
966
966
970
966
964
965
966
970
969
972
969
969
972
970
970
971
974
976
976
975
977
976
975
976
974
978
979
988
1009
1041
1080
1115
1148
1175
1208
1241
1259
1267
1262
1237
1187
1140
1112
1104
1090
1066
1035
1016
1010
1002
992
977
967
960
957
953
945
935
930
934
933
931
928
928
931
934
936
937
935
934
931
934
938
938
938
937
933
938
938
937
934
934
936
935
936
940
940
937
937
940
943
942
941
936
935
939
