[NumeroDePontos = 121]
989
978
968
965
963
961
960
962
963
964
966
963
963
967
962
961
960
963
966
965
966
965
963
963
966
968
970
970
967
965
962
961
967
971
980
1006
1035
1068
1103
1141
1178
1215
1242
1259
1266
1252
1224
1200
1185
1172
1162
1136
1105
1083
1067
1055
1038
1016
997
986
974
964
953
947
943
943
941
937
936
930
935
937
938
937
934
936
938
939
941
943
943
944
942
948
949
947
943
944
944
945
946
945
947
946
943
944
947
946
946
944
944
942
946
943
947
944
941
944
945
944
941
938
940
943
947
947
946
945
946
947
950
