[NumeroDePontos = 93]
952
952
956
956
957
958
957
959
960
962
960
961
963
964
963
962
962
963
963
967
968
961
959
958
961
978
1003
1037
1069
1107
1148
1188
1223
1246
1258
1258
1239
1202
1160
1130
1111
1085
1052
1022
1009
999
985
969
953
942
936
930
927
924
923
924
926
924
923
921
920
925
926
925
924
925
925
925
930
930
927
925
924
927
929
928
927
927
928
930
933
930
929
929
928
929
931
930
931
929
933
933
933
