[NumeroDePontos = 104]
939
938
940
944
948
948
943
942
938
938
936
937
936
933
935
938
941
947
947
946
946
946
945
949
949
957
966
984
1006
1027
1052
1075
1109
1143
1179
1208
1220
1220
1200
1146
1083
1045
1035
1032
1021
995
973
967
965
962
952
939
931
923
911
900
895
895
901
899
891
890
889
891
893
898
898
897
896
896
893
895
894
891
891
891
894
897
898
896
896
895
897
898
901
900
899
898
903
905
903
901
899
899
901
899
901
901
905
907
910
905
902
900
