[NumeroDePontos = 99]
975
975
975
976
974
971
971
970
973
971
971
971
974
975
977
972
974
971
975
977
979
980
980
977
978
984
983
980
980
982
998
1014
1043
1079
1117
1158
1197
1233
1256
1268
1267
1255
1210
1146
1089
1067
1060
1051
1026
996
980
973
967
957
946
943
939
932
925
921
924
929
927
925
923
925
930
933
936
933
931
932
933
939
941
943
943
941
942
945
946
948
948
947
946
947
952
950
952
952
952
955
956
957
956
954
955
956
957
