[NumeroDePontos = 99]
979
980
981
976
975
974
976
979
981
977
979
975
973
975
976
978
979
982
983
978
976
977
983
991
1003
1022
1051
1084
1121
1155
1194
1229
1254
1266
1262
1243
1195
1131
1084
1065
1063
1052
1028
999
983
980
980
974
966
958
953
949
947
944
942
945
945
943
946
946
947
948
949
949
950
951
949
948
950
952
955
958
957
956
954
954
956
958
957
956
956
953
958
961
962
962
963
957
959
962
962
960
959
956
958
959
960
960
962
