[NumeroDePontos = 110]
1017
1023
1027
1029
1027
1023
1019
1019
1015
1016
1013
1012
1004
996
995
994
1000
999
1002
1000
994
995
996
997
996
993
990
988
988
990
992
987
983
984
983
987
986
987
984
984
986
987
993
995
999
1014
1039
1067
1097
1125
1150
1182
1214
1240
1256
1254
1239
1206
1151
1091
1057
1047
1043
1036
1016
1000
993
987
979
973
967
964
962
960
959
958
961
960
961
960
961
965
969
970
970
967
968
970
975
975
974
971
970
972
976
978
979
978
979
979
981
981
980
979
976
978
982
986
991
993
