[NumeroDePontos = 102]
949
945
944
943
945
949
950
947
949
949
944
945
945
950
951
954
951
949
948
947
949
951
954
952
954
954
954
959
963
973
984
1011
1052
1093
1137
1176
1209
1233
1252
1264
1266
1248
1196
1122
1075
1062
1061
1050
1024
999
987
984
978
966
956
951
950
945
939
933
931
936
942
950
952
952
946
943
943
942
944
947
948
946
948
949
950
950
951
953
956
957
959
959
956
956
960
966
968
967
966
966
970
970
969
967
967
966
970
969
970
967
