[NumeroDePontos = 113]
969
970
968
968
965
962
964
963
964
965
964
961
962
967
969
966
963
965
968
969
971
968
971
970
972
975
977
976
973
970
967
970
974
986
1005
1034
1067
1099
1137
1174
1208
1233
1255
1267
1263
1244
1211
1178
1158
1142
1125
1100
1076
1060
1047
1032
1016
1000
985
976
966
957
948
941
940
937
934
930
929
928
927
924
928
928
928
928
925
927
929
930
927
927
927
929
930
929
930
931
932
928
931
933
933
933
930
928
931
934
934
932
931
931
932
934
935
932
933
929
933
933
933
930
929
