[NumeroDePontos = 115]
984
975
967
959
955
949
951
955
961
960
955
952
949
952
955
958
957
954
951
954
958
958
956
957
958
961
960
958
959
955
951
951
953
961
975
996
1024
1059
1101
1141
1179
1210
1236
1257
1264
1252
1223
1198
1177
1164
1145
1118
1080
1053
1037
1023
1010
991
978
966
957
949
944
937
937
933
930
931
931
927
923
923
920
925
929
929
927
927
924
929
931
930
932
934
932
931
933
933
928
932
929
933
932
933
931
930
932
930
929
927
931
930
930
926
925
929
934
932
927
927
925
929
928
927
926
