[NumeroDePontos = 124]
985
973
962
959
957
956
957
956
960
959
953
957
959
960
960
961
962
960
966
969
968
968
969
967
966
968
972
972
971
966
967
969
974
982
998
1022
1054
1096
1140
1183
1216
1242
1260
1273
1265
1239
1205
1177
1161
1140
1110
1077
1056
1040
1025
1007
991
976
961
947
938
932
928
925
922
919
918
918
915
915
917
916
920
919
921
921
919
923
925
924
927
926
925
923
927
929
929
927
926
927
930
932
934
932
930
928
929
933
935
934
934
930
935
937
936
935
932
934
937
939
939
938
935
935
939
940
941
940
938
940
944
947
951
953
