[NumeroDePontos = 113]
991
982
974
960
954
953
956
954
953
951
950
951
954
956
955
955
951
953
955
958
958
957
956
957
960
962
964
961
960
961
962
961
957
954
954
961
971
985
1008
1039
1073
1117
1157
1195
1227
1252
1272
1284
1275
1246
1215
1190
1170
1146
1118
1088
1067
1053
1038
1021
1004
989
977
964
950
942
936
934
930
923
920
920
922
921
920
918
919
920
922
924
923
922
921
922
926
927
930
927
924
925
929
929
928
928
926
926
926
929
926
927
926
926
927
926
927
925
924
928
930
930
928
927
925
