[NumeroDePontos = 121]
960
956
957
957
956
954
952
950
951
953
955
954
955
951
951
955
955
955
953
955
957
960
962
961
962
960
960
963
963
959
958
955
962
977
1000
1026
1052
1082
1116
1150
1184
1215
1239
1258
1273
1270
1251
1223
1194
1170
1145
1116
1090
1071
1063
1049
1033
1014
1008
994
980
968
956
947
941
937
932
924
922
923
923
921
920
919
919
921
920
922
921
921
922
925
925
923
922
921
924
926
924
925
922
923
922
925
928
929
925
922
922
924
924
925
924
919
924
927
927
928
924
922
927
925
926
926
926
926
929
931
932
930
929
