[NumeroDePontos = 102]
954
953
951
951
954
956
958
957
956
955
956
957
960
958
957
954
956
960
962
963
962
959
959
961
962
960
956
951
957
967
981
994
1019
1047
1085
1125
1163
1198
1227
1249
1265
1259
1234
1205
1175
1153
1129
1099
1076
1060
1046
1033
1015
1002
992
981
969
954
944
939
935
932
928
923
924
926
925
925
924
923
926
928
929
928
925
923
924
927
930
929
927
925
926
928
927
927
927
924
923
926
927
929
927
922
925
926
926
927
926
924
924
924
