[NumeroDePontos = 115]
1017
1008
998
986
980
979
981
979
977
976
975
976
979
976
976
973
979
979
982
977
978
977
979
979
981
980
978
978
981
987
989
985
981
978
980
982
985
993
1013
1041
1081
1119
1161
1199
1231
1256
1275
1292
1302
1291
1264
1231
1204
1185
1160
1129
1097
1078
1063
1048
1028
1010
996
985
976
966
956
949
948
945
943
941
940
938
937
937
937
941
942
940
939
940
940
944
945
941
943
941
941
943
943
943
942
939
941
944
944
942
941
939
940
942
940
936
934
934
937
940
938
938
936
936
939
939
941
