[NumeroDePontos = 113]
961
958
957
957
956
953
951
955
956
958
958
954
953
955
956
958
957
957
956
958
960
966
966
964
960
965
966
966
963
960
959
965
976
998
1027
1060
1100
1142
1187
1225
1253
1272
1281
1280
1263
1237
1212
1191
1169
1142
1110
1080
1061
1046
1028
1009
994
982
969
958
947
941
940
936
932
925
923
924
926
926
923
922
921
927
930
930
928
927
927
928
931
935
931
933
930
932
929
933
932
931
930
932
932
934
933
933
930
931
933
934
934
932
932
934
935
935
935
932
932
934
936
938
938
