[NumeroDePontos = 102]
975
964
958
957
959
957
957
957
958
961
960
960
960
959
960
963
963
963
962
964
966
967
967
965
965
963
966
969
966
967
970
981
1006
1037
1064
1094
1130
1170
1213
1242
1259
1262
1251
1216
1186
1164
1140
1107
1074
1054
1044
1032
1015
999
986
972
963
955
948
943
935
930
927
928
932
931
929
927
931
934
933
934
934
930
932
932
934
936
935
930
932
934
935
937
932
930
931
932
937
935
932
932
933
930
932
931
931
929
931
931
931
932
