[NumeroDePontos = 115]
947
944
943
947
948
946
947
947
944
946
949
950
949
949
946
951
952
949
951
950
952
955
957
956
954
955
953
955
954
951
947
951
960
983
1011
1045
1078
1106
1144
1180
1215
1237
1252
1259
1253
1229
1202
1177
1157
1130
1098
1072
1055
1042
1024
1006
990
977
968
956
944
934
928
925
927
924
922
921
919
915
918
917
918
917
917
916
922
923
922
923
925
924
926
924
922
924
923
924
926
927
926
924
923
926
926
925
922
923
923
924
926
926
923
923
921
924
928
926
925
926
926
926
927
928
928
