[NumeroDePontos = 115]
1007
1002
994
987
977
976
973
969
967
963
961
963
966
968
964
963
963
965
966
967
965
966
967
970
971
970
970
969
971
975
977
976
972
971
970
969
969
972
978
992
1014
1041
1077
1110
1147
1179
1207
1236
1260
1278
1284
1265
1233
1200
1176
1155
1131
1099
1077
1062
1050
1029
1007
992
981
971
965
956
944
938
936
934
933
932
935
935
936
934
935
937
935
934
934
933
939
939
939
935
935
937
941
939
940
938
937
937
939
937
937
937
938
941
947
944
942
938
932
934
938
937
938
936
936
937
940
