[NumeroDePontos = 110]
991
984
975
967
960
953
948
947
946
947
946
950
949
944
945
947
947
946
948
948
949
952
951
954
954
952
951
949
953
955
952
947
949
959
981
1010
1039
1071
1107
1151
1193
1226
1251
1263
1262
1249
1227
1204
1181
1161
1146
1123
1096
1074
1055
1042
1025
1007
989
970
955
939
930
922
922
919
914
910
907
908
909
909
907
900
897
898
900
903
903
903
899
903
905
905
903
901
906
904
906
905
904
903
903
908
910
909
910
909
909
910
911
909
902
904
906
910
913
911
910
908
