[NumeroDePontos = 110]
955
950
951
950
947
945
949
951
954
955
951
948
951
953
954
960
961
955
953
957
957
958
957
954
955
957
960
958
952
949
954
967
985
1011
1038
1067
1103
1133
1166
1197
1224
1245
1259
1261
1243
1216
1194
1172
1149
1120
1090
1070
1056
1041
1023
1008
992
980
966
952
943
936
932
927
921
917
914
915
916
917
915
913
913
914
917
918
920
917
918
921
925
924
922
920
921
923
924
925
923
921
920
922
923
921
922
921
920
924
925
925
925
923
918
919
922
923
923
920
923
925
