[NumeroDePontos = 115]
993
980
967
956
951
954
956
955
953
951
952
955
957
957
956
953
955
955
959
961
960
958
958
961
963
962
962
955
955
955
957
959
963
978
1007
1041
1078
1117
1158
1202
1238
1264
1279
1273
1247
1218
1189
1169
1146
1114
1082
1060
1050
1042
1027
1006
989
972
964
954
945
937
931
926
926
923
922
921
920
918
921
922
924
925
926
925
927
925
924
924
926
922
925
927
932
931
929
927
930
930
929
928
924
924
924
926
927
930
927
924
922
926
926
926
924
924
925
924
929
929
927
924
927
930
932
