[NumeroDePontos = 104]
952
950
950
953
956
950
952
952
954
957
956
956
954
953
956
959
958
958
957
955
957
962
966
965
962
957
958
957
965
980
998
1026
1058
1097
1137
1171
1200
1222
1241
1260
1267
1253
1225
1196
1173
1150
1119
1081
1058
1041
1029
1011
995
980
967
956
946
938
933
931
930
923
920
922
923
923
922
920
918
920
924
924
922
920
925
925
927
927
926
926
924
927
927
926
927
924
925
927
929
928
926
923
925
926
927
925
922
922
921
927
927
926
923
921
