[NumeroDePontos = 115]
983
973
962
950
944
942
942
942
939
940
937
941
942
946
944
944
942
943
946
944
946
946
944
946
948
949
952
951
949
950
948
947
944
939
937
946
963
987
1016
1049
1091
1141
1185
1221
1248
1263
1264
1244
1217
1188
1166
1144
1113
1083
1068
1060
1047
1031
1012
997
987
975
959
950
939
933
933
932
927
923
922
925
922
927
924
925
921
922
924
923
924
924
922
923
926
930
928
926
925
923
924
926
928
925
924
925
926
929
930
928
925
928
928
927
928
924
922
924
927
929
930
929
927
925
926
