[NumeroDePontos = 113]
950
936
924
916
915
917
917
914
913
909
913
917
919
920
920
921
924
923
925
925
924
917
916
921
924
924
928
930
926
927
922
923
927
935
950
972
1000
1025
1049
1079
1118
1160
1194
1220
1232
1229
1210
1177
1152
1130
1109
1081
1054
1040
1028
1023
1011
992
979
971
964
950
939
928
925
918
913
912
910
912
910
907
906
909
911
912
912
916
922
925
922
919
921
922
920
923
923
925
923
922
920
918
917
918
920
921
925
928
928
925
923
924
929
929
929
923
923
921
920
924
924
930
932
