[NumeroDePontos = 115]
1000
1000
993
984
970
961
956
951
952
953
948
951
954
958
959
956
954
954
958
962
959
957
955
957
959
962
964
965
967
966
969
969
969
966
964
961
975
994
1022
1055
1088
1130
1172
1212
1240
1260
1277
1288
1283
1264
1234
1210
1185
1157
1120
1085
1059
1046
1032
1014
997
984
973
962
950
936
931
932
934
928
922
920
920
921
922
921
920
923
924
926
929
929
926
922
923
925
925
927
925
925
927
925
925
927
925
926
929
929
926
925
923
926
928
928
924
921
921
922
927
929
927
924
920
922
929
