[NumeroDePontos = 113]
975
970
970
972
968
965
958
964
967
969
968
966
965
967
968
970
972
969
970
974
975
973
974
975
974
975
975
973
972
970
967
970
986
1012
1045
1083
1123
1165
1204
1230
1251
1268
1273
1266
1239
1207
1178
1156
1134
1108
1081
1064
1050
1030
1008
994
983
975
966
952
942
940
942
939
936
931
931
931
933
933
934
930
930
935
938
939
936
934
933
936
939
942
940
936
933
934
936
940
939
939
935
933
937
940
940
937
936
937
937
937
938
938
936
937
935
937
935
938
936
937
941
941
940
