[NumeroDePontos = 107]
1026
1022
1010
997
987
983
983
983
981
980
979
980
980
981
982
979
979
980
981
981
982
982
981
981
985
986
984
980
981
986
986
986
986
988
993
1012
1040
1076
1118
1163
1204
1244
1269
1285
1291
1284
1258
1223
1194
1179
1163
1139
1112
1087
1071
1055
1036
1020
998
995
987
978
967
960
955
952
952
953
953
952
952
953
954
956
956
955
951
952
954
956
956
956
954
955
955
958
957
956
955
953
953
954
952
955
956
958
959
958
956
955
953
957
957
956
955
954
950
