[NumeroDePontos = 168]
1003
1002
1006
1011
1011
1009
1004
1001
1000
1004
1005
1004
995
987
976
967
961
958
956
956
956
953
954
954
954
954
955
956
955
955
954
954
955
956
956
954
950
950
951
954
956
955
954
951
949
950
948
953
968
990
1020
1047
1074
1101
1131
1163
1197
1227
1246
1258
1256
1242
1221
1203
1184
1161
1133
1096
1065
1046
1037
1025
1006
990
978
966
955
943
931
923
922
921
917
916
909
906
904
910
909
907
907
910
913
914
913
913
911
910
912
912
914
913
912
913
916
918
918
913
913
911
914
918
917
915
913
912
913
916
916
916
912
910
911
912
914
911
910
909
908
909
908
905
908
911
915
915
919
920
920
917
918
921
923
927
930
927
934
939
943
942
941
938
941
949
951
955
960
962
967
970
970
972
973
974
980
979
979
979
