[NumeroDePontos = 110]
973
974
971
968
961
956
952
951
950
948
947
947
951
954
958
956
953
953
952
955
957
959
963
965
968
969
968
968
966
967
969
970
972
972
975
975
974
973
973
976
982
999
1021
1052
1084
1116
1145
1177
1205
1229
1254
1275
1286
1288
1276
1257
1236
1212
1188
1156
1130
1109
1096
1081
1060
1043
1029
1017
1006
992
978
971
962
957
952
945
939
937
933
935
937
942
938
937
937
938
938
939
935
937
941
940
941
939
935
940
940
945
945
944
941
937
937
935
935
936
934
933
933
938
