[NumeroDePontos = 110]
952
950
948
950
952
954
952
950
950
950
955
957
955
952
951
954
957
958
958
955
954
956
960
962
962
959
955
954
953
955
963
975
996
1024
1062
1099
1142
1179
1211
1241
1262
1270
1261
1233
1206
1186
1168
1143
1110
1082
1065
1055
1047
1027
1005
986
971
958
949
943
935
928
922
917
916
917
918
918
914
912
915
916
918
917
916
916
921
922
922
923
921
922
925
927
923
923
921
922
926
926
925
923
924
924
926
926
925
923
923
923
924
923
925
923
921
921
924
928
929
930
