[NumeroDePontos = 107]
946
945
940
938
942
945
946
947
943
942
943
945
945
945
946
946
948
950
950
952
953
956
956
957
958
958
952
952
949
950
957
971
995
1028
1062
1098
1137
1175
1207
1232
1253
1266
1264
1248
1226
1207
1190
1168
1134
1097
1072
1059
1048
1028
1005
986
969
962
948
937
929
922
918
915
912
911
910
910
906
909
912
911
912
912
912
915
917
918
918
916
910
914
920
920
918
917
914
916
917
921
922
919
914
914
917
918
915
916
914
916
916
918
918
917
911
916
917
