[NumeroDePontos = 126]
1001
1002
1002
994
981
971
963
961
960
957
957
956
956
956
955
953
953
957
958
957
956
953
953
956
960
961
965
962
961
961
960
965
966
965
961
961
961
962
962
967
980
1003
1033
1070
1103
1138
1169
1204
1232
1253
1269
1277
1272
1258
1235
1213
1192
1166
1130
1100
1079
1067
1053
1031
1009
995
985
977
965
952
941
935
931
930
923
920
917
918
918
918
918
917
918
922
925
926
925
926
921
922
925
925
924
921
920
920
924
926
925
926
925
924
924
923
922
920
921
921
923
920
922
923
919
921
925
922
923
921
920
921
923
925
926
926
924
925
