[NumeroDePontos = 110]
946
941
942
945
947
949
948
947
948
948
950
948
947
946
948
953
953
952
949
948
950
952
951
946
940
939
949
968
995
1025
1055
1087
1122
1153
1187
1220
1244
1258
1264
1249
1228
1198
1174
1145
1112
1084
1062
1048
1035
1018
1001
985
971
957
945
934
926
924
920
917
912
907
906
906
908
909
907
907
907
909
912
908
909
908
909
914
916
916
911
914
915
915
916
915
914
912
915
923
924
922
917
912
916
916
920
920
919
919
923
922
922
922
919
918
918
917
918
918
917
918
