[NumeroDePontos = 99]
969
962
961
963
962
964
966
964
963
962
965
967
967
965
962
963
968
971
971
969
967
969
971
971
973
979
995
1022
1058
1100
1140
1173
1201
1231
1256
1274
1286
1274
1248
1218
1194
1166
1132
1098
1077
1065
1046
1023
1002
987
974
964
954
946
939
935
928
925
926
929
928
926
922
929
930
931
931
928
925
925
926
928
929
929
927
929
930
933
930
929
930
930
934
935
933
934
932
932
934
936
935
934
933
934
937
939
941
940
936
