[NumeroDePontos = 121]
971
962
953
946
941
939
934
935
934
938
937
936
933
935
937
938
937
936
936
937
940
943
943
942
939
943
944
947
945
943
938
937
938
940
947
957
976
1006
1043
1085
1124
1161
1196
1226
1246
1257
1249
1227
1199
1176
1156
1127
1091
1060
1041
1033
1025
1005
984
963
950
940
930
921
916
910
905
904
901
900
899
902
897
901
902
903
904
904
901
903
906
904
905
904
902
905
907
908
908
908
905
906
908
910
909
907
902
905
905
904
906
907
903
903
907
908
909
907
904
906
906
908
910
911
911
912
915
914
913
914
914
