[NumeroDePontos = 129]
1014
1018
1019
1018
1014
1013
1009
1010
1012
1009
1005
997
983
975
968
970
967
963
957
958
960
962
963
963
960
960
961
962
964
964
964
963
966
968
970
973
972
973
973
973
970
971
970
972
972
978
983
994
1013
1042
1077
1104
1137
1167
1200
1227
1254
1275
1286
1272
1238
1206
1182
1162
1138
1104
1079
1064
1053
1037
1016
994
981
971
960
950
939
933
930
929
927
926
925
924
922
921
920
925
924
924
923
925
928
928
928
926
926
922
923
925
924
924
921
921
924
925
926
925
923
925
925
927
926
925
922
920
925
928
929
927
924
925
925
928
931
929
927
931
933
