[NumeroDePontos = 110]
1013
1009
1005
998
986
975
972
968
969
968
970
968
968
967
969
971
972
975
971
968
969
973
973
972
972
971
974
974
977
976
976
972
969
972
974
975
989
1010
1038
1066
1099
1132
1170
1209
1243
1270
1280
1273
1251
1225
1201
1182
1154
1121
1089
1072
1061
1048
1031
1013
998
982
970
962
953
949
943
939
935
936
934
933
933
931
931
934
936
939
935
935
936
938
941
939
936
934
940
942
941
935
934
932
935
936
939
939
939
937
937
934
936
936
933
933
932
934
936
936
934
932
