[NumeroDePontos = 115]
992
984
980
976
981
986
986
985
983
979
983
985
983
982
982
982
983
985
984
986
986
983
988
988
990
991
988
988
989
990
990
988
998
1020
1052
1086
1123
1164
1199
1234
1264
1285
1292
1283
1257
1228
1207
1195
1178
1150
1116
1085
1069
1058
1042
1026
1003
994
984
976
970
963
960
956
954
952
952
950
948
946
949
950
952
951
952
952
954
954
951
952
952
953
954
956
956
955
954
950
956
956
959
955
950
950
951
953
954
952
953
951
955
955
952
951
949
950
951
952
952
952
951
951
954
957
956
