[NumeroDePontos = 104]
968
959
954
948
952
954
955
952
951
949
952
953
951
951
951
950
957
960
959
958
958
958
963
963
965
962
962
959
959
962
966
980
1009
1042
1083
1127
1170
1205
1232
1249
1264
1266
1251
1225
1202
1180
1155
1122
1086
1064
1048
1029
1009
989
976
965
952
942
935
933
933
929
925
920
920
921
924
925
927
927
925
928
928
930
927
924
927
931
931
929
929
927
930
930
928
928
927
924
925
930
930
929
927
925
926
926
927
925
924
922
925
927
931
928
