[NumeroDePontos = 113]
951
954
955
954
953
952
955
959
958
956
952
952
953
956
958
957
955
953
954
960
962
960
960
953
950
947
947
951
965
987
1017
1050
1083
1121
1156
1192
1222
1240
1250
1248
1230
1209
1194
1182
1161
1133
1095
1066
1054
1044
1028
1004
981
965
958
951
945
940
936
931
927
927
928
927
927
922
925
930
934
937
936
935
936
937
939
941
941
935
934
935
938
939
940
938
936
937
940
939
941
940
942
946
947
946
945
940
941
945
948
948
946
945
944
946
948
948
951
949
952
950
949
948
946
