[NumeroDePontos = 102]
965
959
959
957
954
953
953
955
959
957
955
956
960
959
965
961
957
955
958
960
963
961
961
963
962
968
968
965
959
955
954
959
973
989
1013
1046
1086
1127
1169
1207
1233
1253
1269
1271
1263
1243
1218
1194
1167
1139
1108
1081
1067
1052
1032
1014
997
986
969
955
946
941
940
935
926
922
920
920
922
923
922
922
918
921
928
926
925
927
929
930
932
932
933
930
930
931
932
933
932
928
926
930
931
928
929
927
929
931
932
932
929
927
