[NumeroDePontos = 107]
952
953
953
955
953
951
953
956
957
954
953
953
956
959
955
958
957
956
957
958
960
958
959
958
957
954
953
958
968
987
1011
1030
1051
1078
1108
1147
1187
1221
1242
1253
1249
1231
1215
1198
1177
1149
1113
1082
1064
1053
1041
1025
1005
992
982
970
959
945
935
930
925
920
919
914
913
910
910
912
908
908
908
910
913
915
918
920
917
915
916
916
919
918
916
917
918
917
916
917
915
914
915
915
914
913
911
912
915
918
914
914
910
909
912
916
916
915
914
