[NumeroDePontos = 121]
973
974
973
969
966
968
971
970
970
966
967
968
970
971
970
970
969
971
974
973
973
975
976
978
975
970
969
966
969
986
1009
1039
1066
1094
1125
1162
1198
1230
1251
1263
1265
1248
1222
1197
1177
1158
1135
1105
1086
1073
1056
1041
1022
1006
996
982
972
964
954
950
946
942
938
936
933
934
936
934
935
935
936
938
939
938
937
936
936
937
938
937
936
935
933
938
940
945
943
940
937
938
941
943
941
938
938
937
938
941
939
939
937
938
939
939
939
935
933
936
936
934
936
936
935
938
942
941
941
940
939
943
945
