[NumeroDePontos = 118]
950
946
942
937
936
940
942
944
942
942
943
945
946
944
943
943
943
947
948
949
947
947
945
948
950
952
951
948
947
951
951
952
955
965
981
1007
1040
1078
1118
1158
1193
1222
1248
1264
1265
1245
1219
1197
1181
1159
1131
1097
1070
1057
1049
1036
1012
990
975
966
958
943
929
920
919
921
915
908
903
898
902
905
906
908
905
903
903
906
908
909
907
906
906
909
911
912
909
910
910
910
911
911
910
905
907
910
910
910
908
904
904
909
912
911
908
903
904
906
912
912
911
910
911
913
913
913
913
911
