[NumeroDePontos = 115]
982
972
964
961
960
961
959
957
958
962
961
959
959
961
964
968
966
965
960
959
963
966
969
970
970
969
971
972
972
969
965
965
972
990
1008
1036
1065
1099
1139
1184
1218
1245
1263
1269
1255
1231
1203
1181
1162
1138
1109
1084
1067
1054
1037
1021
1001
991
982
968
955
943
940
940
939
935
932
926
926
928
930
929
929
929
931
934
932
932
934
931
931
932
933
930
930
931
934
935
935
929
926
928
932
932
931
929
927
925
928
932
932
931
927
927
931
933
932
929
928
928
930
930
931
931
930
