[NumeroDePontos = 102]
962
961
963
963
964
961
963
964
967
970
965
966
966
970
969
967
967
967
968
973
976
975
974
973
969
969
968
966
968
978
1000
1032
1067
1102
1139
1175
1216
1246
1272
1279
1272
1247
1225
1207
1193
1172
1141
1107
1082
1073
1062
1045
1024
1007
991
982
968
956
950
938
933
929
931
933
932
927
926
928
926
931
929
928
931
933
930
935
932
933
936
938
937
937
934
932
932
935
936
938
936
933
934
934
934
935
936
931
932
931
934
931
931
930
