[NumeroDePontos = 115]
956
954
956
959
958
956
958
957
957
960
962
963
961
959
959
965
966
968
965
964
965
968
969
967
962
957
961
975
997
1026
1061
1096
1135
1180
1218
1253
1274
1282
1273
1251
1226
1201
1178
1151
1115
1081
1060
1046
1028
1006
991
976
966
954
945
940
936
933
933
931
929
923
923
927
929
929
927
926
929
931
935
934
934
932
933
934
935
933
930
929
930
932
934
935
932
933
933
933
934
935
932
933
930
933
935
937
937
934
933
932
934
936
938
934
937
940
943
943
944
944
945
949
952
956
958
