[NumeroDePontos = 96]
964
965
970
971
971
972
969
969
973
974
977
974
971
970
972
975
976
977
974
976
977
971
970
966
963
971
988
1015
1050
1085
1122
1165
1203
1230
1252
1270
1273
1266
1243
1220
1195
1166
1132
1102
1083
1069
1052
1032
1014
1003
987
975
961
950
942
939
940
937
936
933
928
929
931
936
936
935
934
934
938
940
940
938
937
939
940
940
938
936
936
940
940
939
940
937
934
934
938
937
940
938
937
941
939
939
938
936
