[NumeroDePontos = 113]
955
952
949
950
951
950
951
952
950
954
956
958
959
958
956
956
953
952
956
960
957
957
958
958
960
957
955
954
953
952
952
960
976
1000
1026
1049
1077
1109
1150
1190
1221
1250
1264
1259
1230
1198
1172
1155
1136
1110
1085
1069
1059
1047
1030
1010
993
980
972
962
953
947
942
937
935
930
927
929
927
929
929
931
929
927
928
931
936
931
929
927
927
929
930
932
934
932
931
933
935
933
930
930
930
932
931
930
929
934
933
934
935
932
926
925
923
929
930
928
923
924
925
928
933
