[NumeroDePontos = 104]
987
976
965
962
964
964
963
963
961
961
963
965
965
963
962
963
965
965
965
965
965
968
971
972
971
972
969
966
966
965
966
969
983
1011
1049
1084
1125
1163
1200
1230
1256
1275
1272
1246
1220
1193
1178
1159
1130
1096
1073
1060
1046
1029
1008
993
974
957
949
946
941
938
929
926
927
928
926
925
926
924
931
931
933
931
931
930
933
934
933
934
932
930
933
934
932
931
933
930
937
936
935
932
933
933
935
936
935
935
932
936
937
937
936
935
