[NumeroDePontos = 118]
965
961
962
962
960
960
963
963
963
958
959
962
965
961
962
961
961
959
958
962
966
966
965
968
972
975
970
970
966
967
966
967
977
995
1023
1063
1104
1145
1189
1228
1257
1278
1291
1286
1269
1253
1237
1216
1189
1156
1121
1099
1086
1071
1052
1030
1013
998
981
969
959
955
949
941
933
930
930
934
934
932
933
934
934
931
933
936
937
941
941
939
938
939
938
937
938
942
941
941
938
941
941
942
941
941
937
936
934
935
934
937
937
941
942
942
942
945
941
942
943
944
942
945
943
952
957
959
959
954
