[NumeroDePontos = 115]
968
968
970
971
972
976
975
975
972
970
971
973
974
974
972
974
979
980
982
980
978
976
975
975
971
971
977
994
1020
1046
1075
1109
1147
1191
1235
1269
1289
1295
1281
1256
1234
1214
1194
1163
1128
1101
1084
1070
1053
1033
1010
1002
992
984
975
962
952
944
943
944
944
944
938
938
938
938
941
942
945
945
947
948
946
946
945
944
949
950
946
943
940
941
946
948
943
940
941
943
949
952
953
950
945
938
940
941
944
945
944
943
944
944
947
947
949
948
951
951
957
955
953
954
955
962
966
