[NumeroDePontos = 102]
974
973
973
971
969
972
975
975
972
972
969
968
968
971
978
975
971
973
977
976
977
978
981
983
984
983
979
976
974
981
994
1018
1049
1083
1119
1162
1206
1242
1272
1289
1297
1296
1280
1257
1232
1204
1177
1149
1112
1086
1067
1049
1030
1014
999
987
976
966
957
952
951
953
951
947
944
943
943
942
939
935
932
934
940
942
942
942
941
942
944
947
951
948
946
946
949
951
947
945
944
944
945
944
940
943
944
945
946
947
946
944
944
946
