[NumeroDePontos = 93]
980
969
968
969
971
968
967
966
967
972
973
975
973
970
970
969
972
974
973
972
974
978
977
977
973
971
973
977
976
975
975
982
1000
1028
1059
1095
1133
1174
1216
1248
1274
1281
1270
1245
1221
1202
1182
1157
1123
1093
1079
1068
1054
1033
1009
993
984
976
966
959
951
947
942
942
941
941
939
938
937
941
941
943
944
940
945
948
947
946
944
942
944
950
950
949
948
947
948
946
945
946
945
943
944
