[NumeroDePontos = 113]
978
963
956
952
955
951
944
944
947
949
955
956
954
951
947
946
949
953
956
954
953
956
958
955
951
949
950
952
955
954
952
951
951
962
985
1018
1052
1093
1134
1172
1210
1240
1259
1264
1250
1223
1202
1182
1157
1125
1087
1061
1050
1040
1021
999
979
963
952
943
933
926
923
921
919
919
921
918
914
912
914
919
923
921
921
919
922
924
925
924
923
924
927
927
925
923
921
918
922
924
922
922
921
922
925
925
924
921
920
920
919
923
923
922
920
922
927
930
929
928
924
925
927
