[NumeroDePontos = 115]
1026
1030
1033
1032
1017
1002
992
989
987
984
975
976
979
979
981
978
972
964
965
970
977
982
988
993
983
968
958
957
963
971
978
983
988
988
981
979
983
984
985
978
974
983
1012
1052
1095
1138
1180
1219
1250
1274
1288
1291
1271
1240
1217
1201
1183
1148
1107
1078
1063
1050
1034
1025
1017
1000
976
949
938
942
944
947
948
951
946
936
928
931
930
928
932
942
948
949
944
935
933
936
937
934
931
933
938
939
940
937
938
938
945
946
945
937
931
930
931
935
937
943
947
948
950
948
940
933
929
