[NumeroDePontos = 129]
984
982
964
945
930
924
928
935
946
954
950
934
920
915
920
926
929
929
927
926
930
932
934
930
927
924
927
934
943
947
938
921
915
921
944
972
1001
1029
1069
1116
1151
1179
1197
1221
1238
1240
1218
1189
1159
1136
1105
1073
1060
1053
1043
1016
984
958
942
933
922
913
910
914
916
917
914
899
883
878
884
889
890
887
891
901
913
915
906
893
883
884
891
897
900
899
904
909
917
916
907
893
884
884
893
901
905
902
901
899
898
894
888
884
891
898
901
900
897
897
901
905
909
905
902
900
902
909
917
916
912
912
918
927
935
940
942
936
932
