[NumeroDePontos = 162]
998
993
985
979
979
977
976
971
968
959
946
935
931
931
931
931
931
931
935
938
941
944
946
945
941
936
935
935
937
938
942
943
944
947
948
947
952
953
952
953
951
950
953
966
983
1009
1040
1070
1112
1153
1196
1224
1246
1260
1263
1254
1231
1206
1187
1167
1146
1121
1095
1074
1059
1047
1031
1012
996
984
971
960
949
943
939
942
935
933
928
929
933
929
928
924
919
922
924
926
927
925
924
922
923
925
924
922
919
920
921
920
916
911
910
911
914
916
914
911
909
909
910
913
911
909
907
908
910
912
909
910
908
909
910
912
910
911
909
912
911
915
914
916
915
920
922
928
928
928
929
933
933
938
940
941
943
946
950
957
962
963
963
965
968
971
974
976
976
976
977
980
979
979
