[NumeroDePontos = 99]
971
969
971
972
970
973
974
973
972
972
973
970
973
975
975
974
971
974
979
980
978
976
972
974
977
977
978
987
1002
1028
1056
1092
1129
1169
1204
1238
1262
1281
1288
1275
1250
1223
1201
1176
1144
1112
1095
1085
1072
1053
1031
1013
997
986
975
965
955
948
940
939
936
939
937
934
933
934
938
940
940
937
934
937
938
939
940
940
942
942
941
944
940
937
937
939
941
945
945
942
937
937
937
938
938
942
939
938
935
934
936
