[NumeroDePontos = 110]
1007
998
988
983
978
973
970
967
969
971
973
972
969
969
971
973
976
973
972
971
972
975
977
977
975
976
976
980
981
983
982
977
975
974
975
981
990
1012
1043
1079
1120
1161
1198
1232
1256
1278
1294
1298
1279
1252
1225
1203
1180
1146
1113
1089
1075
1058
1039
1018
1001
982
972
962
959
952
948
942
939
938
938
936
933
931
931
932
938
941
940
938
940
940
943
941
941
939
939
941
942
942
939
938
938
941
942
940
940
937
936
939
941
939
938
935
936
938
940
941
940
937
