[NumeroDePontos = 107]
957
958
956
954
950
955
956
958
958
956
956
958
959
960
960
958
956
960
963
965
966
964
960
964
962
962
961
962
964
977
996
1024
1060
1097
1135
1175
1212
1239
1256
1266
1257
1237
1212
1191
1175
1155
1129
1096
1068
1051
1038
1020
998
981
969
961
952
942
935
933
931
931
930
927
925
923
924
925
924
925
924
925
928
930
929
930
927
929
931
931
930
925
925
927
929
930
928
927
923
925
929
932
931
928
927
925
929
927
927
929
925
923
926
927
930
930
930
