[NumeroDePontos = 99]
958
960
959
956
958
958
957
959
959
963
963
960
957
955
957
962
965
964
961
961
962
965
966
966
966
963
960
962
960
960
967
979
1007
1037
1072
1112
1151
1187
1216
1241
1258
1274
1277
1261
1237
1214
1190
1160
1127
1098
1078
1068
1056
1032
1009
994
981
972
965
952
941
935
932
928
925
922
920
920
918
920
925
927
926
925
920
922
928
926
929
923
926
927
927
928
928
927
929
929
928
927
927
924
926
927
929
927
926
924
925
