[NumeroDePontos = 113]
950
944
942
943
942
941
940
937
935
937
939
938
936
931
928
930
934
940
941
941
940
942
941
945
947
945
936
931
934
938
946
954
963
975
990
1013
1044
1080
1118
1163
1205
1238
1258
1268
1261
1245
1222
1201
1182
1166
1139
1109
1076
1055
1033
1006
982
968
965
969
963
954
943
936
927
914
910
908
910
919
928
933
938
933
926
922
925
928
926
929
927
929
927
929
931
930
927
924
926
928
932
929
928
933
937
934
930
926
927
927
933
936
935
927
923
925
930
934
933
932
934
932
939
