[NumeroDePontos = 96]
936
937
937
938
940
939
935
938
939
942
942
941
937
940
942
947
946
946
944
947
948
949
949
943
940
940
946
956
975
1007
1041
1085
1127
1171
1204
1232
1248
1259
1248
1223
1200
1180
1161
1141
1112
1078
1050
1030
1015
995
977
962
949
935
925
920
917
917
915
908
903
901
905
907
905
905
905
905
908
910
910
907
905
905
907
911
910
912
909
909
912
913
913
911
911
910
911
909
910
910
905
909
911
910
907
908
