[NumeroDePontos = 102]
946
944
943
946
945
947
947
945
944
943
949
949
949
953
950
950
949
952
953
954
952
954
953
955
955
955
951
953
954
960
972
995
1018
1045
1076
1108
1139
1169
1200
1229
1257
1273
1274
1254
1224
1200
1178
1153
1119
1090
1069
1054
1039
1021
1002
987
977
966
956
945
936
929
925
923
921
918
917
917
914
917
916
920
919
917
916
921
924
925
926
924
919
922
923
927
928
926
924
921
925
926
925
924
922
922
924
925
926
924
925
925
925
926
