[NumeroDePontos = 104]
951
950
948
948
949
951
952
950
947
949
948
949
948
952
950
950
952
957
957
953
949
953
954
955
957
954
955
951
952
952
950
953
958
976
1003
1029
1061
1100
1141
1183
1219
1244
1261
1264
1255
1235
1212
1189
1163
1128
1092
1067
1056
1049
1037
1020
1000
986
976
966
955
943
932
927
927
922
917
914
911
909
912
915
916
915
916
920
919
918
919
919
916
915
917
919
920
921
920
919
923
922
920
923
921
922
922
923
918
920
918
920
925
928
925
923
