[NumeroDePontos = 157]
999
998
999
999
1005
1005
1003
1002
999
997
998
999
1002
1001
997
992
994
989
989
986
984
986
988
989
985
988
988
984
983
984
984
986
980
978
980
982
976
976
971
969
972
973
975
973
972
967
966
970
974
976
980
980
990
1002
1015
1027
1038
1058
1084
1111
1143
1168
1189
1209
1227
1255
1286
1318
1345
1363
1381
1383
1358
1305
1240
1188
1149
1106
1055
1007
973
951
939
935
933
927
922
912
908
909
908
901
896
892
886
889
893
900
905
906
902
895
886
883
882
879
878
875
876
885
898
903
907
906
902
898
901
903
901
900
899
903
907
913
912
907
900
900
898
903
905
908
911
911
910
909
911
916
913
913
912
911
917
917
919
919
917
920
923
928
930
924
920
919
921
928
931
