[NumeroDePontos = 104]
959
954
952
953
950
949
947
947
952
953
954
957
952
951
952
954
952
952
951
955
956
963
960
958
954
954
959
962
958
954
949
950
957
974
993
1016
1043
1082
1121
1166
1205
1232
1254
1268
1264
1247
1221
1191
1161
1131
1099
1073
1059
1054
1039
1020
1004
991
978
964
948
936
932
929
924
916
910
909
907
909
909
910
911
914
916
917
915
909
908
912
918
921
917
916
914
917
919
921
917
912
914
918
917
918
914
908
904
908
911
916
917
917
915
912
