[NumeroDePontos = 107]
832
830
838
853
868
879
893
909
913
911
900
895
907
927
941
944
942
950
967
979
975
963
947
944
953
969
986
1007
1032
1065
1109
1152
1196
1227
1254
1274
1287
1281
1260
1243
1229
1212
1183
1150
1123
1109
1093
1075
1053
1035
1027
1025
1023
1023
1016
1007
993
977
968
970
979
981
973
968
967
978
990
997
995
982
963
956
957
960
963
969
973
978
976
958
939
932
940
949
954
952
946
942
941
939
932
926
917
912
914
916
910
904
902
909
907
893
879
864
859
861
867
