[NumeroDePontos = 113]
937
939
935
935
934
938
941
941
942
940
938
938
940
940
943
939
939
941
942
944
943
942
941
943
941
940
936
937
945
964
989
1022
1059
1097
1132
1173
1205
1229
1248
1258
1249
1231
1211
1189
1166
1143
1114
1084
1064
1055
1046
1031
1013
996
982
967
954
938
923
914
910
905
902
902
897
897
898
901
900
897
896
896
900
902
899
903
899
899
904
906
906
907
903
906
905
905
907
906
902
903
905
909
908
904
905
905
908
907
905
904
902
903
904
905
905
905
904
905
907
911
912
910
909
