[NumeroDePontos = 102]
949
944
944
953
955
955
954
951
953
955
956
956
956
955
957
959
962
963
962
960
958
959
956
953
954
963
983
1015
1048
1084
1118
1153
1191
1222
1244
1266
1277
1273
1257
1236
1210
1185
1151
1117
1091
1076
1065
1048
1027
1009
996
986
976
964
951
937
934
930
926
920
917
914
916
917
918
917
919
917
919
921
922
922
921
921
923
924
927
927
928
926
925
927
929
929
927
924
923
927
929
930
925
924
924
924
925
923
919
918
920
924
927
925
