[NumeroDePontos = 124]
944
942
939
940
945
948
946
948
949
947
946
945
947
950
947
945
943
944
947
947
948
945
948
950
951
951
947
943
939
941
941
949
964
985
1014
1053
1090
1127
1159
1185
1210
1232
1246
1239
1223
1205
1184
1164
1138
1111
1087
1073
1065
1052
1031
1015
999
984
965
951
939
930
921
912
906
905
909
907
909
903
901
904
908
911
908
901
899
903
908
913
911
910
909
914
916
915
912
914
913
912
914
913
912
913
908
910
915
919
919
915
912
910
913
916
915
911
910
914
919
922
920
919
918
918
923
921
922
925
926
928
931
936
939
939
