[NumeroDePontos = 93]
958
958
956
958
960
962
964
962
959
957
956
958
963
964
964
963
962
966
966
969
964
958
957
959
963
972
988
1015
1050
1088
1131
1169
1207
1234
1257
1271
1274
1255
1233
1205
1182
1153
1123
1097
1077
1069
1057
1038
1019
1003
986
971
958
951
945
939
933
925
923
923
925
925
923
920
922
927
928
930
929
927
925
929
928
930
929
929
931
933
933
932
930
930
927
931
933
932
929
928
927
930
931
929
929
