[NumeroDePontos = 96]
957
955
952
954
956
956
957
954
957
959
964
963
959
958
961
965
966
965
966
961
964
965
968
966
964
959
956
961
972
994
1020
1053
1091
1132
1176
1214
1242
1263
1282
1279
1261
1242
1218
1193
1164
1139
1109
1089
1073
1057
1036
1017
1002
987
969
959
948
946
941
934
927
922
921
925
924
923
920
921
925
927
930
929
927
925
926
929
933
934
930
927
928
933
934
934
931
930
929
931
932
933
934
929
929
933
933
933
