[NumeroDePontos = 104]
968
965
961
959
961
962
967
964
967
966
967
967
968
966
966
967
969
969
971
971
969
970
971
975
976
975
970
967
966
971
983
1002
1027
1058
1094
1133
1173
1208
1240
1264
1286
1295
1285
1263
1238
1219
1202
1180
1148
1117
1092
1074
1059
1043
1026
1005
990
976
963
954
949
941
935
930
926
928
927
925
923
923
923
927
930
931
929
929
933
937
937
937
933
933
935
935
942
943
940
938
936
935
937
939
938
937
937
937
940
940
938
937
934
936
938
935
