[NumeroDePontos = 104]
949
951
950
952
951
948
951
952
952
952
954
951
950
955
954
955
956
956
958
961
958
957
956
957
958
959
956
952
955
960
981
1010
1042
1082
1119
1162
1206
1241
1261
1276
1276
1259
1241
1222
1198
1173
1134
1096
1075
1063
1047
1024
1004
983
971
960
946
937
931
927
925
925
919
918
917
915
918
919
917
916
914
916
921
923
923
923
922
920
922
925
924
923
922
923
924
928
927
924
923
920
922
922
922
922
923
920
922
925
922
925
923
921
922
925
