[NumeroDePontos = 99]
955
955
953
950
951
953
956
956
956
954
955
957
957
959
954
953
956
959
961
963
961
959
959
963
964
960
959
956
956
965
985
1009
1042
1078
1119
1165
1203
1234
1255
1270
1270
1257
1233
1209
1187
1163
1133
1098
1070
1053
1041
1031
1010
994
978
968
956
944
935
929
929
930
926
920
919
921
922
920
922
923
922
923
924
924
925
925
927
929
931
930
928
930
927
931
930
930
928
926
926
930
929
927
926
926
923
923
925
923
922
