[NumeroDePontos = 104]
941
943
942
941
936
937
940
944
943
943
945
942
943
945
949
948
947
947
948
954
951
952
954
952
952
955
950
945
945
951
965
992
1026
1061
1100
1140
1181
1212
1234
1251
1258
1257
1243
1221
1199
1177
1151
1115
1083
1066
1052
1032
1008
989
978
968
957
943
931
925
924
918
917
912
909
910
909
911
912
913
914
914
914
916
914
914
915
912
915
918
920
918
917
913
916
919
918
914
914
911
914
916
916
914
913
911
913
915
911
912
914
911
915
916
